-702.653061
-1384.897959
-2046.734694
-2688.163265
-3309.183673
-3909.795918
-4490.000000
-5049.795918
-5589.183673
-6108.163265
-6606.734694
-7084.897959
-7542.653061
-7980.000000
-8396.938776
-8793.469388
-9169.591837
-9525.306122
-9860.612245
-10175.510204
-10470.000000
-10744.081633
-10997.755102
-11231.020408
-11443.877551
-11636.326531
-11808.367347
-11960.000000
-12091.224490
-12202.040816
-12292.448980
-12362.448980
-12412.040816
-12441.224490
-12450.000000
-12438.367347
-12406.326531
-12353.877551
-12281.020408
-12187.755102
-12074.081633
-11940.000000
-11785.510204
-11610.612245
-11415.306122
-11199.591837
-10963.469388
-10706.938776
-10430.000000
-10132.653061
-9814.897959
-9476.734694
-9118.163265
-8739.183673
-8339.795918
-7920.000000
-7479.795918
-7019.183673
-6538.163265
-6036.734694
-5514.897959
-4972.653061
-4410.000000
-3826.938776
-3223.469388
-2599.591837
-1955.306122
-1290.612245
-605.510204
