-494.000000
-978.000000
-1452.000000
-1916.000000
-2370.000000
-2814.000000
-3248.000000
-3672.000000
-4086.000000
-4490.000000
-4884.000000
-5268.000000
-5642.000000
-6006.000000
-6360.000000
-6704.000000
-7038.000000
-7362.000000
-7676.000000
-7980.000000
-8274.000000
-8558.000000
-8832.000000
-9096.000000
-9350.000000
-9594.000000
-9828.000000
-10052.000000
-10266.000000
-10470.000000
-10664.000000
-10848.000000
-11022.000000
-11186.000000
-11340.000000
-11484.000000
-11618.000000
-11742.000000
-11856.000000
-11960.000000
-12054.000000
-12138.000000
-12212.000000
-12276.000000
-12330.000000
-12374.000000
-12408.000000
-12432.000000
-12446.000000
-12450.000000
-12444.000000
-12428.000000
-12402.000000
-12366.000000
-12320.000000
-12264.000000
-12198.000000
-12122.000000
-12036.000000
-11940.000000
-11834.000000
-11718.000000
-11592.000000
-11456.000000
-11310.000000
-11154.000000
-10988.000000
-10812.000000
-10626.000000
-10430.000000
-10224.000000
-10008.000000
-9782.000000
-9546.000000
-9300.000000
-9044.000000
-8778.000000
-8502.000000
-8216.000000
-7920.000000
-7614.000000
-7298.000000
-6972.000000
-6636.000000
-6290.000000
-5934.000000
-5568.000000
-5192.000000
-4806.000000
-4410.000000
-4004.000000
-3588.000000
-3162.000000
-2726.000000
-2280.000000
-1824.000000
-1358.000000
-882.000000
-396.000000
