-978.000000
-1916.000000
-2814.000000
-3672.000000
-4490.000000
-5268.000000
-6006.000000
-6704.000000
-7362.000000
-7980.000000
-8558.000000
-9096.000000
-9594.000000
-10052.000000
-10470.000000
-10848.000000
-11186.000000
-11484.000000
-11742.000000
-11960.000000
-12138.000000
-12276.000000
-12374.000000
-12432.000000
-12450.000000
-12428.000000
-12366.000000
-12264.000000
-12122.000000
-11940.000000
-11718.000000
-11456.000000
-11154.000000
-10812.000000
-10430.000000
-10008.000000
-9546.000000
-9044.000000
-8502.000000
-7920.000000
-7298.000000
-6636.000000
-5934.000000
-5192.000000
-4410.000000
-3588.000000
-2726.000000
-1824.000000
-882.000000
