27.70000000 4.10000000
27.70115058 4.10038268
27.70230115 4.10077131
27.70345173 4.10116586
27.70460230 4.10156630
27.70575288 4.10197259
27.70690345 4.10238469
27.70805403 4.10280258
27.70920460 4.10322621
27.71035518 4.10365555
27.71150575 4.10409057
27.71265633 4.10453123
27.71380690 4.10497749
27.71495748 4.10542933
27.71610805 4.10588671
27.71725863 4.10634959
27.71840920 4.10681794
27.71955978 4.10729172
27.72071036 4.10777090
27.72186093 4.10825545
27.72301151 4.10874532
27.72416208 4.10924049
27.72531266 4.10974092
27.72646323 4.11024657
27.72761381 4.11075742
27.72876438 4.11127342
27.72991496 4.11179454
27.73106553 4.11232075
27.73221611 4.11285200
27.73336668 4.11338828
27.73451726 4.11392954
27.73566783 4.11447574
27.73681841 4.11502686
27.73796898 4.11558286
27.73911956 4.11614370
27.74027014 4.11670935
27.74142071 4.11727977
27.74257129 4.11785493
27.74372186 4.11843479
27.74487244 4.11901933
27.74602301 4.11960850
27.74717359 4.12020227
27.74832416 4.12080060
27.74947474 4.12140347
27.75062531 4.12201083
27.75177589 4.12262266
27.75292646 4.12323891
27.75407704 4.12385955
27.75522761 4.12448455
27.75637819 4.12511387
27.75752876 4.12574748
27.75867934 4.12638534
27.75982991 4.12702742
27.76098049 4.12767369
27.76213107 4.12832410
27.76328164 4.12897862
27.76443222 4.12963723
27.76558279 4.13029988
27.76673337 4.13096654
27.76788394 4.13163718
27.76903452 4.13231175
27.77018509 4.13299024
27.77133567 4.13367259
27.77248624 4.13435878
27.77363682 4.13504877
27.77478739 4.13574253
27.77593797 4.13644002
27.77708854 4.13714121
27.77823912 4.13784606
27.77938969 4.13855453
27.78054027 4.13926661
27.78169085 4.13998224
27.78284142 4.14070139
27.78399200 4.14142403
27.78514257 4.14215013
27.78629315 4.14287964
27.78744372 4.14361255
27.78859430 4.14434880
27.78974487 4.14508837
27.79089545 4.14583121
27.79204602 4.14657731
27.79319660 4.14732661
27.79434717 4.14807909
27.79549775 4.14883472
27.79664832 4.14959345
27.79779890 4.15035525
27.79894947 4.15112009
27.80010005 4.15188794
27.80125063 4.15265875
27.80240120 4.15343249
27.80355178 4.15420914
27.80470235 4.15498865
27.80585293 4.15577098
27.80700350 4.15655612
27.80815408 4.15734401
27.80930465 4.15813463
27.81045523 4.15892793
27.81160580 4.15972390
27.81275638 4.16052248
27.81390695 4.16132365
27.81505753 4.16212737
27.81620810 4.16293361
27.81735868 4.16374234
27.81850925 4.16455350
27.81965983 4.16536709
27.82081041 4.16618304
27.82196098 4.16700135
27.82311156 4.16782196
27.82426213 4.16864484
27.82541271 4.16946997
27.82656328 4.17029729
27.82771386 4.17112679
27.82886443 4.17195843
27.83001501 4.17279216
27.83116558 4.17362796
27.83231616 4.17446579
27.83346673 4.17530561
27.83461731 4.17614740
27.83576788 4.17699111
27.83691846 4.17783671
27.83806903 4.17868418
27.83921961 4.17953346
27.84037019 4.18038453
27.84152076 4.18123736
27.84267134 4.18209190
27.84382191 4.18294813
27.84497249 4.18380600
27.84612306 4.18466549
27.84727364 4.18552656
27.84842421 4.18638917
27.84957479 4.18725329
27.85072536 4.18811889
27.85187594 4.18898593
27.85302651 4.18985438
27.85417709 4.19072419
27.85532766 4.19159534
27.85647824 4.19246780
27.85762881 4.19334152
27.85877939 4.19421647
27.85992996 4.19509262
27.86108054 4.19596993
27.86223112 4.19684837
27.86338169 4.19772790
27.86453227 4.19860849
27.86568284 4.19949011
27.86683342 4.20037271
27.86798399 4.20125627
27.86913457 4.20214075
27.87028514 4.20302611
27.87143572 4.20391233
27.87258629 4.20479936
27.87373687 4.20568717
27.87488744 4.20657572
27.87603802 4.20746499
27.87718859 4.20835493
27.87833917 4.20924552
27.87948974 4.21013671
27.88064032 4.21102847
27.88179090 4.21192078
27.88294147 4.21281358
27.88409205 4.21370685
27.88524262 4.21460056
27.88639320 4.21549467
27.88754377 4.21638914
27.88869435 4.21728394
27.88984492 4.21817903
27.89099550 4.21907438
27.89214607 4.21996996
27.89329665 4.22086573
27.89444722 4.22176165
27.89559780 4.22265770
27.89674837 4.22355383
27.89789895 4.22445001
27.89904952 4.22534621
27.90020010 4.22624240
27.90135068 4.22713853
27.90250125 4.22803457
27.90365183 4.22893049
27.90480240 4.22982625
27.90595298 4.23072182
27.90710355 4.23161717
27.90825413 4.23251225
27.90940470 4.23340704
27.91055528 4.23430150
27.91170585 4.23519559
27.91285643 4.23608929
27.91400700 4.23698255
27.91515758 4.23787534
27.91630815 4.23876762
27.91745873 4.23965937
27.91860930 4.24055054
27.91975988 4.24144111
27.92091046 4.24233103
27.92206103 4.24322027
27.92321161 4.24410881
27.92436218 4.24499659
27.92551276 4.24588359
27.92666333 4.24676978
27.92781391 4.24765512
27.92896448 4.24853956
27.93011506 4.24942309
27.93126563 4.25030567
27.93241621 4.25118725
27.93356678 4.25206781
27.93471736 4.25294731
27.93586793 4.25382571
27.93701851 4.25470299
27.93816908 4.25557910
27.93931966 4.25645401
27.94047024 4.25732769
27.94162081 4.25820010
27.94277139 4.25907121
27.94392196 4.25994098
27.94507254 4.26080938
27.94622311 4.26167638
27.94737369 4.26254193
27.94852426 4.26340600
27.94967484 4.26426857
27.95082541 4.26512958
27.95197599 4.26598902
27.95312656 4.26684684
27.95427714 4.26770302
27.95542771 4.26855751
27.95657829 4.26941027
27.95772886 4.27026129
27.95887944 4.27111052
27.96003002 4.27195792
27.96118059 4.27280346
27.96233117 4.27364711
27.96348174 4.27448884
27.96463232 4.27532860
27.96578289 4.27616636
27.96693347 4.27700210
27.96808404 4.27783576
27.96923462 4.27866733
27.97038519 4.27949676
27.97153577 4.28032401
27.97268634 4.28114907
27.97383692 4.28197188
27.97498749 4.28279242
27.97613807 4.28361064
27.97728864 4.28442653
27.97843922 4.28524003
27.97958979 4.28605112
27.98074037 4.28685976
27.98189095 4.28766592
27.98304152 4.28846956
27.98419210 4.28927065
27.98534267 4.29006915
27.98649325 4.29086503
27.98764382 4.29165825
27.98879440 4.29244878
27.98994497 4.29323659
27.99109555 4.29402163
27.99224612 4.29480388
27.99339670 4.29558329
27.99454727 4.29635985
27.99569785 4.29713350
27.99684842 4.29790421
27.99799900 4.29867196
27.99914957 4.29943671
28.00030015 4.30019841
28.00145073 4.30095705
28.00260130 4.30171264
28.00375188 4.30246516
28.00490245 4.30321463
28.00605303 4.30396105
28.00720360 4.30470441
28.00835418 4.30544473
28.00950475 4.30618200
28.01065533 4.30691623
28.01180590 4.30764743
28.01295648 4.30837558
28.01410705 4.30910070
28.01525763 4.30982279
28.01640820 4.31054185
28.01755878 4.31125789
28.01870935 4.31197090
28.01985993 4.31268089
28.02101051 4.31338787
28.02216108 4.31409183
28.02331166 4.31479277
28.02446223 4.31549071
28.02561281 4.31618564
28.02676338 4.31687757
28.02791396 4.31756649
28.02906453 4.31825242
28.03021511 4.31893534
28.03136568 4.31961528
28.03251626 4.32029223
28.03366683 4.32096618
28.03481741 4.32163715
28.03596798 4.32230514
28.03711856 4.32297015
28.03826913 4.32363219
28.03941971 4.32429124
28.04057029 4.32494733
28.04172086 4.32560045
28.04287144 4.32625060
28.04402201 4.32689778
28.04517259 4.32754201
28.04632316 4.32818328
28.04747374 4.32882159
28.04862431 4.32945695
28.04977489 4.33008936
28.05092546 4.33071882
28.05207604 4.33134534
28.05322661 4.33196891
28.05437719 4.33258955
28.05552776 4.33320725
28.05667834 4.33382202
28.05782891 4.33443385
28.05897949 4.33504276
28.06013007 4.33564874
28.06128064 4.33625179
28.06243122 4.33685193
28.06358179 4.33744915
28.06473237 4.33804345
28.06588294 4.33863484
28.06703352 4.33922333
28.06818409 4.33980890
28.06933467 4.34039157
28.07048524 4.34097134
28.07163582 4.34154821
28.07278639 4.34212219
28.07393697 4.34269327
28.07508754 4.34326146
28.07623812 4.34382677
28.07738869 4.34438918
28.07853927 4.34494872
28.07968984 4.34550538
28.08084042 4.34605915
28.08199100 4.34661006
28.08314157 4.34715809
28.08429215 4.34770326
28.08544272 4.34824555
28.08659330 4.34878499
28.08774387 4.34932156
28.08889445 4.34985528
28.09004502 4.35038614
28.09119560 4.35091414
28.09234617 4.35143930
28.09349675 4.35196161
28.09464732 4.35248107
28.09579790 4.35299770
28.09694847 4.35351148
28.09809905 4.35402243
28.09924962 4.35453054
28.10040020 4.35503583
28.10155078 4.35553828
28.10270135 4.35603791
28.10385193 4.35653471
28.10500250 4.35702870
28.10615308 4.35751987
28.10730365 4.35800822
28.10845423 4.35849376
28.10960480 4.35897649
28.11075538 4.35945642
28.11190595 4.35993354
28.11305653 4.36040786
28.11420710 4.36087938
28.11535768 4.36134810
28.11650825 4.36181403
28.11765883 4.36227718
28.11880940 4.36273753
28.11995998 4.36319510
28.12111056 4.36364988
28.12226113 4.36410189
28.12341171 4.36455112
28.12456228 4.36499757
28.12571286 4.36544126
28.12686343 4.36588217
28.12801401 4.36632032
28.12916458 4.36675570
28.13031516 4.36718833
28.13146573 4.36761820
28.13261631 4.36804531
28.13376688 4.36846966
28.13491746 4.36889127
28.13606803 4.36931013
28.13721861 4.36972625
28.13836918 4.37013963
28.13951976 4.37055026
28.14067034 4.37095816
28.14182091 4.37136333
28.14297149 4.37176576
28.14412206 4.37216547
28.14527264 4.37256245
28.14642321 4.37295671
28.14757379 4.37334824
28.14872436 4.37373706
28.14987494 4.37412317
28.15102551 4.37450656
28.15217609 4.37488725
28.15332666 4.37526523
28.15447724 4.37564050
28.15562781 4.37601307
28.15677839 4.37638295
28.15792896 4.37675013
28.15907954 4.37711461
28.16023012 4.37747641
28.16138069 4.37783551
28.16253127 4.37819193
28.16368184 4.37854567
28.16483242 4.37889673
28.16598299 4.37924512
28.16713357 4.37959083
28.16828414 4.37993387
28.16943472 4.38027423
28.17058529 4.38061194
28.17173587 4.38094698
28.17288644 4.38127936
28.17403702 4.38160908
28.17518759 4.38193614
28.17633817 4.38226056
28.17748874 4.38258232
28.17863932 4.38290144
28.17978989 4.38321791
28.18094047 4.38353174
28.18209105 4.38384293
28.18324162 4.38415149
28.18439220 4.38445741
28.18554277 4.38476070
28.18669335 4.38506136
28.18784392 4.38535940
28.18899450 4.38565481
28.19014507 4.38594761
28.19129565 4.38623778
28.19244622 4.38652535
28.19359680 4.38681030
28.19474737 4.38709264
28.19589795 4.38737237
28.19704852 4.38764950
28.19819910 4.38792403
28.19934967 4.38819596
28.20050025 4.38846530
28.20165083 4.38873204
28.20280140 4.38899619
28.20395198 4.38925776
28.20510255 4.38951674
28.20625313 4.38977314
28.20740370 4.39002695
28.20855428 4.39027820
28.20970485 4.39052686
28.21085543 4.39077296
28.21200600 4.39101649
28.21315658 4.39125745
28.21430715 4.39149585
28.21545773 4.39173168
28.21660830 4.39196496
28.21775888 4.39219569
28.21890945 4.39242386
28.22006003 4.39264948
28.22121061 4.39287256
28.22236118 4.39309309
28.22351176 4.39331108
28.22466233 4.39352653
28.22581291 4.39373945
28.22696348 4.39394983
28.22811406 4.39415768
28.22926463 4.39436300
28.23041521 4.39456580
28.23156578 4.39476607
28.23271636 4.39496382
28.23386693 4.39515906
28.23501751 4.39535178
28.23616808 4.39554200
28.23731866 4.39572970
28.23846923 4.39591489
28.23961981 4.39609758
28.24077039 4.39627777
28.24192096 4.39645547
28.24307154 4.39663066
28.24422211 4.39680337
28.24537269 4.39697358
28.24652326 4.39714131
28.24767384 4.39730655
28.24882441 4.39746931
28.24997499 4.39762959
28.25112556 4.39778739
28.25227614 4.39794272
28.25342671 4.39809558
28.25457729 4.39824597
28.25572786 4.39839389
28.25687844 4.39853935
28.25802901 4.39868235
28.25917959 4.39882289
28.26033017 4.39896098
28.26148074 4.39909662
28.26263132 4.39922980
28.26378189 4.39936054
28.26493247 4.39948884
28.26608304 4.39961469
28.26723362 4.39973810
28.26838419 4.39985908
28.26953477 4.39997763
28.27068534 4.40009374
28.27183592 4.40020743
28.27298649 4.40031869
28.27413707 4.40042752
28.27528764 4.40053394
28.27643822 4.40063794
28.27758879 4.40073953
28.27873937 4.40083871
28.27988994 4.40093547
28.28104052 4.40102983
28.28219110 4.40112179
28.28334167 4.40121134
28.28449225 4.40129850
28.28564282 4.40138326
28.28679340 4.40146563
28.28794397 4.40154561
28.28909455 4.40162320
28.29024512 4.40169841
28.29139570 4.40177123
28.29254627 4.40184168
28.29369685 4.40190975
28.29484742 4.40197544
28.29599800 4.40203877
28.29714857 4.40209972
28.29829915 4.40215831
28.29944972 4.40221454
28.30060030 4.40226840
28.30175088 4.40231991
28.30290145 4.40236907
28.30405203 4.40241587
28.30520260 4.40246032
28.30635318 4.40250243
28.30750375 4.40254219
28.30865433 4.40257961
28.30980490 4.40261469
28.31095548 4.40264743
28.31210605 4.40267785
28.31325663 4.40270593
28.31440720 4.40273168
28.31555778 4.40275511
28.31670835 4.40277621
28.31785893 4.40279500
28.31900950 4.40281147
28.32016008 4.40282562
28.32131066 4.40283747
28.32246123 4.40284700
28.32361181 4.40285423
28.32476238 4.40285916
28.32591296 4.40286178
28.32706353 4.40286210
28.32821411 4.40286014
28.32936468 4.40285587
28.33051526 4.40284932
28.33166583 4.40284048
28.33281641 4.40282936
28.33396698 4.40281595
28.33511756 4.40280027
28.33626813 4.40278230
28.33741871 4.40276207
28.33856928 4.40273956
28.33971986 4.40271479
28.34087044 4.40268775
28.34202101 4.40265844
28.34317159 4.40262688
28.34432216 4.40259306
28.34547274 4.40255698
28.34662331 4.40251865
28.34777389 4.40247808
28.34892446 4.40243525
28.35007504 4.40239019
28.35122561 4.40234288
28.35237619 4.40229333
28.35352676 4.40224154
28.35467734 4.40218753
28.35582791 4.40213128
28.35697849 4.40207281
28.35812906 4.40201210
28.35927964 4.40194918
28.36043022 4.40188404
28.36158079 4.40181668
28.36273137 4.40174711
28.36388194 4.40167532
28.36503252 4.40160133
28.36618309 4.40152513
28.36733367 4.40144673
28.36848424 4.40136612
28.36963482 4.40128332
28.37078539 4.40119832
28.37193597 4.40111113
28.37308654 4.40102175
28.37423712 4.40093019
28.37538769 4.40083644
28.37653827 4.40074050
28.37768884 4.40064239
28.37883942 4.40054210
28.37998999 4.40043964
28.38114057 4.40033501
28.38229115 4.40022821
28.38344172 4.40011924
28.38459230 4.40000811
28.38574287 4.39989482
28.38689345 4.39977937
28.38804402 4.39966177
28.38919460 4.39954202
28.39034517 4.39942012
28.39149575 4.39929607
28.39264632 4.39916987
28.39379690 4.39904154
28.39494747 4.39891106
28.39609805 4.39877846
28.39724862 4.39864371
28.39839920 4.39850684
28.39954977 4.39836784
28.40070035 4.39822672
28.40185093 4.39808347
28.40300150 4.39793810
28.40415208 4.39779062
28.40530265 4.39764102
28.40645323 4.39748931
28.40760380 4.39733549
28.40875438 4.39717957
28.40990495 4.39702154
28.41105553 4.39686142
28.41220610 4.39669919
28.41335668 4.39653487
28.41450725 4.39636846
28.41565783 4.39619995
28.41680840 4.39602936
28.41795898 4.39585669
28.41910955 4.39568193
28.42026013 4.39550510
28.42141071 4.39532619
28.42256128 4.39514520
28.42371186 4.39496215
28.42486243 4.39477702
28.42601301 4.39458983
28.42716358 4.39440058
28.42831416 4.39420927
28.42946473 4.39401590
28.43061531 4.39382048
28.43176588 4.39362300
28.43291646 4.39342348
28.43406703 4.39322190
28.43521761 4.39301829
28.43636818 4.39281263
28.43751876 4.39260494
28.43866933 4.39239521
28.43981991 4.39218344
28.44097049 4.39196965
28.44212106 4.39175383
28.44327164 4.39153598
28.44442221 4.39131612
28.44557279 4.39109423
28.44672336 4.39087032
28.44787394 4.39064441
28.44902451 4.39041648
28.45017509 4.39018654
28.45132566 4.38995459
28.45247624 4.38972065
28.45362681 4.38948470
28.45477739 4.38924675
28.45592796 4.38900681
28.45707854 4.38876488
28.45822911 4.38852096
28.45937969 4.38827505
28.46053027 4.38802715
28.46168084 4.38777728
28.46283142 4.38752542
28.46398199 4.38727159
28.46513257 4.38701579
28.46628314 4.38675802
28.46743372 4.38649827
28.46858429 4.38623657
28.46973487 4.38597290
28.47088544 4.38570726
28.47203602 4.38543968
28.47318659 4.38517014
28.47433717 4.38489864
28.47548774 4.38462520
28.47663832 4.38434981
28.47778889 4.38407248
28.47893947 4.38379320
28.48009005 4.38351199
28.48124062 4.38322884
28.48239120 4.38294376
28.48354177 4.38265675
28.48469235 4.38236781
28.48584292 4.38207695
28.48699350 4.38178416
28.48814407 4.38148946
28.48929465 4.38119284
28.49044522 4.38089430
28.49159580 4.38059386
28.49274637 4.38029150
28.49389695 4.37998724
28.49504752 4.37968108
28.49619810 4.37937302
28.49734867 4.37906305
28.49849925 4.37875120
28.49964982 4.37843745
28.50080040 4.37812181
28.50195098 4.37780428
28.50310155 4.37748488
28.50425213 4.37716358
28.50540270 4.37684041
28.50655328 4.37651537
28.50770385 4.37618845
28.50885443 4.37585966
28.51000500 4.37552900
28.51115558 4.37519648
28.51230615 4.37486209
28.51345673 4.37452585
28.51460730 4.37418775
28.51575788 4.37384779
28.51690845 4.37350598
28.51805903 4.37316233
28.51920960 4.37281682
28.52036018 4.37246948
28.52151076 4.37212029
28.52266133 4.37176926
28.52381191 4.37141640
28.52496248 4.37106171
28.52611306 4.37070518
28.52726363 4.37034683
28.52841421 4.36998665
28.52956478 4.36962465
28.53071536 4.36926084
28.53186593 4.36889520
28.53301651 4.36852776
28.53416708 4.36815850
28.53531766 4.36778743
28.53646823 4.36741456
28.53761881 4.36703988
28.53876938 4.36666340
28.53991996 4.36628513
28.54107054 4.36590506
28.54222111 4.36552320
28.54337169 4.36513955
28.54452226 4.36475411
28.54567284 4.36436689
28.54682341 4.36397789
28.54797399 4.36358711
28.54912456 4.36319455
28.55027514 4.36280022
28.55142571 4.36240412
28.55257629 4.36200625
28.55372686 4.36160662
28.55487744 4.36120522
28.55602801 4.36080207
28.55717859 4.36039715
28.55832916 4.35999049
28.55947974 4.35958207
28.56063032 4.35917190
28.56178089 4.35875999
28.56293147 4.35834633
28.56408204 4.35793093
28.56523262 4.35751379
28.56638319 4.35709492
28.56753377 4.35667432
28.56868434 4.35625198
28.56983492 4.35582792
28.57098549 4.35540214
28.57213607 4.35497463
28.57328664 4.35454540
28.57443722 4.35411446
28.57558779 4.35368180
28.57673837 4.35324743
28.57788894 4.35281136
28.57903952 4.35237358
28.58019010 4.35193409
28.58134067 4.35149291
28.58249125 4.35105002
28.58364182 4.35060545
28.58479240 4.35015918
28.58594297 4.34971122
28.58709355 4.34926157
28.58824412 4.34881025
28.58939470 4.34835724
28.59054527 4.34790255
28.59169585 4.34744618
28.59284642 4.34698814
28.59399700 4.34652844
28.59514757 4.34606706
28.59629815 4.34560402
28.59744872 4.34513932
28.59859930 4.34467295
28.59974987 4.34420493
28.60090045 4.34373526
28.60205103 4.34326393
28.60320160 4.34279096
28.60435218 4.34231634
28.60550275 4.34184008
28.60665333 4.34136217
28.60780390 4.34088263
28.60895448 4.34040145
28.61010505 4.33991864
28.61125563 4.33943420
28.61240620 4.33894813
28.61355678 4.33846044
28.61470735 4.33797113
28.61585793 4.33748020
28.61700850 4.33698765
28.61815908 4.33649349
28.61930965 4.33599771
28.62046023 4.33550033
28.62161081 4.33500135
28.62276138 4.33450076
28.62391196 4.33399857
28.62506253 4.33349478
28.62621311 4.33298940
28.62736368 4.33248242
28.62851426 4.33197386
28.62966483 4.33146371
28.63081541 4.33095198
28.63196598 4.33043866
28.63311656 4.32992377
28.63426713 4.32940730
28.63541771 4.32888926
28.63656828 4.32836965
28.63771886 4.32784847
28.63886943 4.32732573
28.64002001 4.32680142
28.64117059 4.32627555
28.64232116 4.32574813
28.64347174 4.32521915
28.64462231 4.32468862
28.64577289 4.32415655
28.64692346 4.32362292
28.64807404 4.32308776
28.64922461 4.32255105
28.65037519 4.32201281
28.65152576 4.32147303
28.65267634 4.32093171
28.65382691 4.32038887
28.65497749 4.31984450
28.65612806 4.31929861
28.65727864 4.31875120
28.65842921 4.31820226
28.65957979 4.31765181
28.66073037 4.31709985
28.66188094 4.31654637
28.66303152 4.31599139
28.66418209 4.31543490
28.66533267 4.31487691
28.66648324 4.31431742
28.66763382 4.31375643
28.66878439 4.31319395
28.66993497 4.31262998
28.67108554 4.31206451
28.67223612 4.31149756
28.67338669 4.31092913
28.67453727 4.31035922
28.67568784 4.30978782
28.67683842 4.30921495
28.67798899 4.30864061
28.67913957 4.30806480
28.68029015 4.30748752
28.68144072 4.30690878
28.68259130 4.30632857
28.68374187 4.30574691
28.68489245 4.30516378
28.68604302 4.30457921
28.68719360 4.30399318
28.68834417 4.30340571
28.68949475 4.30281678
28.69064532 4.30222642
28.69179590 4.30163461
28.69294647 4.30104137
28.69409705 4.30044669
28.69524762 4.29985058
28.69639820 4.29925304
28.69754877 4.29865407
28.69869935 4.29805368
28.69984992 4.29745187
28.70100050 4.29684864
28.70215108 4.29624399
28.70330165 4.29563793
28.70445223 4.29503046
28.70560280 4.29442158
28.70675338 4.29381129
28.70790395 4.29319960
28.70905453 4.29258652
28.71020510 4.29197203
28.71135568 4.29135615
28.71250625 4.29073888
28.71365683 4.29012022
28.71480740 4.28950017
28.71595798 4.28887874
28.71710855 4.28825593
28.71825913 4.28763174
28.71940970 4.28700618
28.72056028 4.28637924
28.72171086 4.28575093
28.72286143 4.28512126
28.72401201 4.28449022
28.72516258 4.28385782
28.72631316 4.28322406
28.72746373 4.28258894
28.72861431 4.28195247
28.72976488 4.28131465
28.73091546 4.28067547
28.73206603 4.28003496
28.73321661 4.27939310
28.73436718 4.27874990
28.73551776 4.27810536
28.73666833 4.27745949
28.73781891 4.27681228
28.73896948 4.27616375
28.74012006 4.27551388
28.74127064 4.27486270
28.74242121 4.27421019
28.74357179 4.27355637
28.74472236 4.27290122
28.74587294 4.27224477
28.74702351 4.27158700
28.74817409 4.27092793
28.74932466 4.27026755
28.75047524 4.26960587
28.75162581 4.26894289
28.75277639 4.26827861
28.75392696 4.26761304
28.75507754 4.26694618
28.75622811 4.26627802
28.75737869 4.26560858
28.75852926 4.26493786
28.75967984 4.26426586
28.76083042 4.26359258
28.76198099 4.26291802
28.76313157 4.26224219
28.76428214 4.26156509
28.76543272 4.26088672
28.76658329 4.26020709
28.76773387 4.25952620
28.76888444 4.25884404
28.77003502 4.25816063
28.77118559 4.25747597
28.77233617 4.25679006
28.77348674 4.25610289
28.77463732 4.25541449
28.77578789 4.25472484
28.77693847 4.25403394
28.77808904 4.25334182
28.77923962 4.25264845
28.78039020 4.25195386
28.78154077 4.25125803
28.78269135 4.25056098
28.78384192 4.24986270
28.78499250 4.24916321
28.78614307 4.24846249
28.78729365 4.24776056
28.78844422 4.24705741
28.78959480 4.24635306
28.79074537 4.24564749
28.79189595 4.24494073
28.79304652 4.24423275
28.79419710 4.24352358
28.79534767 4.24281322
28.79649825 4.24210166
28.79764882 4.24138890
28.79879940 4.24067496
28.79994997 4.23995983
28.80110055 4.23924352
28.80225113 4.23852603
28.80340170 4.23780736
28.80455228 4.23708751
28.80570285 4.23636649
28.80685343 4.23564431
28.80800400 4.23492095
28.80915458 4.23419643
28.81030515 4.23347075
28.81145573 4.23274391
28.81260630 4.23201591
28.81375688 4.23128676
28.81490745 4.23055646
28.81605803 4.22982501
28.81720860 4.22909241
28.81835918 4.22835868
28.81950975 4.22762380
28.82066033 4.22688778
28.82181091 4.22615063
28.82296148 4.22541235
28.82411206 4.22467294
28.82526263 4.22393240
28.82641321 4.22319073
28.82756378 4.22244795
28.82871436 4.22170405
28.82986493 4.22095903
28.83101551 4.22021290
28.83216608 4.21946566
28.83331666 4.21871731
28.83446723 4.21796785
28.83561781 4.21721730
28.83676838 4.21646564
28.83791896 4.21571289
28.83906953 4.21495904
28.84022011 4.21420410
28.84137069 4.21344808
28.84252126 4.21269096
28.84367184 4.21193277
28.84482241 4.21117349
28.84597299 4.21041313
28.84712356 4.20965170
28.84827414 4.20888920
28.84942471 4.20812563
28.85057529 4.20736099
28.85172586 4.20659528
28.85287644 4.20582852
28.85402701 4.20506069
28.85517759 4.20429181
28.85632816 4.20352188
28.85747874 4.20275089
28.85862931 4.20197886
28.85977989 4.20120578
28.86093047 4.20043166
28.86208104 4.19965649
28.86323162 4.19888030
28.86438219 4.19810306
28.86553277 4.19732480
28.86668334 4.19654550
28.86783392 4.19576518
28.86898449 4.19498383
28.87013507 4.19420147
28.87128564 4.19341808
28.87243622 4.19263368
28.87358679 4.19184827
28.87473737 4.19106184
28.87588794 4.19027441
28.87703852 4.18948598
28.87818909 4.18869654
28.87933967 4.18790610
28.88049025 4.18711467
28.88164082 4.18632224
28.88279140 4.18552882
28.88394197 4.18473441
28.88509255 4.18393901
28.88624312 4.18314264
28.88739370 4.18234528
28.88854427 4.18154694
28.88969485 4.18074763
28.89084542 4.17994735
28.89199600 4.17914609
28.89314657 4.17834387
28.89429715 4.17754069
28.89544772 4.17673654
28.89659830 4.17593144
28.89774887 4.17512538
28.89889945 4.17431836
28.90005003 4.17351040
28.90120060 4.17270148
28.90235118 4.17189162
28.90350175 4.17108082
28.90465233 4.17026908
28.90580290 4.16945640
28.90695348 4.16864279
28.90810405 4.16782824
28.90925463 4.16701277
28.91040520 4.16619637
28.91155578 4.16537904
28.91270635 4.16456080
28.91385693 4.16374164
28.91500750 4.16292156
28.91615808 4.16210056
28.91730865 4.16127866
28.91845923 4.16045585
28.91960980 4.15963214
28.92076038 4.15880752
28.92191096 4.15798201
28.92306153 4.15715559
28.92421211 4.15632829
28.92536268 4.15550009
28.92651326 4.15467100
28.92766383 4.15384103
28.92881441 4.15301017
28.92996498 4.15217844
28.93111556 4.15134583
28.93226613 4.15051234
28.93341671 4.14967798
28.93456728 4.14884275
28.93571786 4.14800665
28.93686843 4.14716969
28.93801901 4.14633187
28.93916958 4.14549318
28.94032016 4.14465365
28.94147074 4.14381326
28.94262131 4.14297201
28.94377189 4.14212992
28.94492246 4.14128699
28.94607304 4.14044321
28.94722361 4.13959859
28.94837419 4.13875314
28.94952476 4.13790685
28.95067534 4.13705973
28.95182591 4.13621178
28.95297649 4.13536301
28.95412706 4.13451341
28.95527764 4.13366299
28.95642821 4.13281175
28.95757879 4.13195969
28.95872936 4.13110683
28.95987994 4.13025315
28.96103052 4.12939867
28.96218109 4.12854338
28.96333167 4.12768729
28.96448224 4.12683040
28.96563282 4.12597271
28.96678339 4.12511423
28.96793397 4.12425496
28.96908454 4.12339490
28.97023512 4.12253405
28.97138569 4.12167242
28.97253627 4.12081001
28.97368684 4.11994683
28.97483742 4.11908286
28.97598799 4.11821813
28.97713857 4.11735263
28.97828914 4.11648636
28.97943972 4.11561932
28.98059030 4.11475153
28.98174087 4.11388297
28.98289145 4.11301366
28.98404202 4.11214360
28.98519260 4.11127279
28.98634317 4.11040122
28.98749375 4.10952892
28.98864432 4.10865587
28.98979490 4.10778208
28.99094547 4.10690755
28.99209605 4.10603229
28.99324662 4.10515630
28.99439720 4.10427958
28.99554777 4.10340213
28.99669835 4.10252396
28.99784892 4.10164507
28.99899950 4.10076546
29.00015008 4.09988513
29.00130065 4.09900410
29.00245123 4.09812234
29.00360180 4.09723988
29.00475238 4.09635670
29.00590295 4.09547280
29.00705353 4.09458819
29.00820410 4.09370286
29.00935468 4.09281681
29.01050525 4.09193004
29.01165583 4.09104256
29.01280640 4.09015436
29.01395698 4.08926544
29.01510755 4.08837579
29.01625813 4.08748543
29.01740870 4.08659435
29.01855928 4.08570254
29.01970985 4.08481001
29.02086043 4.08391676
29.02201101 4.08302278
29.02316158 4.08212808
29.02431216 4.08123265
29.02546273 4.08033650
29.02661331 4.07943962
29.02776388 4.07854202
29.02891446 4.07764369
29.03006503 4.07674463
29.03121561 4.07584484
29.03236618 4.07494432
29.03351676 4.07404307
29.03466733 4.07314109
29.03581791 4.07223838
29.03696848 4.07133494
29.03811906 4.07043077
29.03926963 4.06952586
29.04042021 4.06862023
29.04157079 4.06771385
29.04272136 4.06680674
29.04387194 4.06589890
29.04502251 4.06499032
29.04617309 4.06408101
29.04732366 4.06317095
29.04847424 4.06226016
29.04962481 4.06134863
29.05077539 4.06043637
29.05192596 4.05952336
29.05307654 4.05860961
29.05422711 4.05769513
29.05537769 4.05677990
29.05652826 4.05586393
29.05767884 4.05494722
29.05882941 4.05402976
29.05997999 4.05311156
29.06113057 4.05219262
29.06228114 4.05127293
29.06343172 4.05035250
29.06458229 4.04943132
29.06573287 4.04850939
29.06688344 4.04758672
29.06803402 4.04666330
29.06918459 4.04573913
29.07033517 4.04481421
29.07148574 4.04388855
29.07263632 4.04296213
29.07378689 4.04203496
29.07493747 4.04110704
29.07608804 4.04017837
29.07723862 4.03924895
29.07838919 4.03831877
29.07953977 4.03738784
29.08069035 4.03645615
29.08184092 4.03552371
29.08299150 4.03459052
29.08414207 4.03365657
29.08529265 4.03272186
29.08644322 4.03178639
29.08759380 4.03085017
29.08874437 4.02991319
29.08989495 4.02897545
29.09104552 4.02803694
29.09219610 4.02709768
29.09334667 4.02615766
29.09449725 4.02521688
29.09564782 4.02427533
29.09679840 4.02333302
29.09794897 4.02238995
29.09909955 4.02144612
29.10025013 4.02050152
29.10140070 4.01955615
29.10255128 4.01861002
29.10370185 4.01766313
29.10485243 4.01671546
29.10600300 4.01576703
29.10715358 4.01481783
29.10830415 4.01386786
29.10945473 4.01291713
29.11060530 4.01196562
29.11175588 4.01101334
29.11290645 4.01006029
29.11405703 4.00910647
29.11520760 4.00815188
29.11635818 4.00719652
29.11750875 4.00624038
29.11865933 4.00528347
29.11980990 4.00432578
29.12096048 4.00336732
29.12211106 4.00240808
29.12326163 4.00144806
29.12441221 4.00048727
29.12556278 3.99952570
29.12671336 3.99856336
29.12786393 3.99760023
29.12901451 3.99663632
29.13016508 3.99567164
29.13131566 3.99470617
29.13246623 3.99373992
29.13361681 3.99277289
29.13476738 3.99180508
29.13591796 3.99083649
29.13706853 3.98986711
29.13821911 3.98889695
29.13936968 3.98792600
29.14052026 3.98695427
29.14167084 3.98598175
29.14282141 3.98500845
29.14397199 3.98403435
29.14512256 3.98305947
29.14627314 3.98208381
29.14742371 3.98110735
29.14857429 3.98013010
29.14972486 3.97915206
29.15087544 3.97817324
29.15202601 3.97719362
29.15317659 3.97621321
29.15432716 3.97523200
29.15547774 3.97425001
29.15662831 3.97326722
29.15777889 3.97228363
29.15892946 3.97129925
29.16008004 3.97031408
29.16123062 3.96932811
29.16238119 3.96834134
29.16353177 3.96735377
29.16468234 3.96636541
29.16583292 3.96537625
29.16698349 3.96438629
29.16813407 3.96339553
29.16928464 3.96240397
29.17043522 3.96141161
29.17158579 3.96041844
29.17273637 3.95942448
29.17388694 3.95842971
29.17503752 3.95743414
29.17618809 3.95643776
29.17733867 3.95544058
29.17848924 3.95444260
29.17963982 3.95344381
29.18079040 3.95244421
29.18194097 3.95144381
29.18309155 3.95044260
29.18424212 3.94944058
29.18539270 3.94843775
29.18654327 3.94743411
29.18769385 3.94642967
29.18884442 3.94542441
29.18999500 3.94441834
29.19114557 3.94341146
29.19229615 3.94240377
29.19344672 3.94139527
29.19459730 3.94038595
29.19574787 3.93937581
29.19689845 3.93836487
29.19804902 3.93735311
29.19919960 3.93634053
29.20035018 3.93532713
29.20150075 3.93431292
29.20265133 3.93329789
29.20380190 3.93228204
29.20495248 3.93126538
29.20610305 3.93024789
29.20725363 3.92922959
29.20840420 3.92821046
29.20955478 3.92719051
29.21070535 3.92616974
29.21185593 3.92514815
29.21300650 3.92412574
29.21415708 3.92310250
29.21530765 3.92207844
29.21645823 3.92105355
29.21760880 3.92002784
29.21875938 3.91900130
29.21990995 3.91797393
29.22106053 3.91694574
29.22221111 3.91591672
29.22336168 3.91488687
29.22451226 3.91385620
29.22566283 3.91282469
29.22681341 3.91179235
29.22796398 3.91075918
29.22911456 3.90972519
29.23026513 3.90869035
29.23141571 3.90765469
29.23256628 3.90661819
29.23371686 3.90558086
29.23486743 3.90454270
29.23601801 3.90350370
29.23716858 3.90246386
29.23831916 3.90142319
29.23946973 3.90038168
29.24062031 3.89933934
29.24177089 3.89829615
29.24292146 3.89725213
29.24407204 3.89620727
29.24522261 3.89516157
29.24637319 3.89411503
29.24752376 3.89306765
29.24867434 3.89201942
29.24982491 3.89097036
29.25097549 3.88992045
29.25212606 3.88886970
29.25327664 3.88781810
29.25442721 3.88676566
29.25557779 3.88571238
29.25672836 3.88465825
29.25787894 3.88360327
29.25902951 3.88254745
29.26018009 3.88149077
29.26133067 3.88043325
29.26248124 3.87937489
29.26363182 3.87831567
29.26478239 3.87725560
29.26593297 3.87619468
29.26708354 3.87513291
29.26823412 3.87407029
29.26938469 3.87300682
29.27053527 3.87194250
29.27168584 3.87087732
29.27283642 3.86981128
29.27398699 3.86874440
29.27513757 3.86767665
29.27628814 3.86660805
29.27743872 3.86553860
29.27858929 3.86446829
29.27973987 3.86339712
29.28089045 3.86232509
29.28204102 3.86125220
29.28319160 3.86017845
29.28434217 3.85910385
29.28549275 3.85802838
29.28664332 3.85695205
29.28779390 3.85587486
29.28894447 3.85479681
29.29009505 3.85371789
29.29124562 3.85263812
29.29239620 3.85155747
29.29354677 3.85047596
29.29469735 3.84939359
29.29584792 3.84831035
29.29699850 3.84722625
29.29814907 3.84614127
29.29929965 3.84505543
29.30045023 3.84396872
29.30160080 3.84288114
29.30275138 3.84179270
29.30390195 3.84070338
29.30505253 3.83961319
29.30620310 3.83852213
29.30735368 3.83743020
29.30850425 3.83633739
29.30965483 3.83524371
29.31080540 3.83414916
29.31195598 3.83305374
29.31310655 3.83195743
29.31425713 3.83086026
29.31540770 3.82976221
29.31655828 3.82866328
29.31770885 3.82756347
29.31885943 3.82646278
29.32001001 3.82536122
29.32116058 3.82425878
29.32231116 3.82315546
29.32346173 3.82205125
29.32461231 3.82094617
29.32576288 3.81984021
29.32691346 3.81873336
29.32806403 3.81762563
29.32921461 3.81651702
29.33036518 3.81540752
29.33151576 3.81429714
29.33266633 3.81318587
29.33381691 3.81207372
29.33496748 3.81096068
29.33611806 3.80984676
29.33726863 3.80873194
29.33841921 3.80761624
29.33956978 3.80649965
29.34072036 3.80538217
29.34187094 3.80426380
29.34302151 3.80314455
29.34417209 3.80202440
29.34532266 3.80090335
29.34647324 3.79978142
29.34762381 3.79865859
29.34877439 3.79753487
29.34992496 3.79641026
29.35107554 3.79528475
29.35222611 3.79415834
29.35337669 3.79303104
29.35452726 3.79190285
29.35567784 3.79077375
29.35682841 3.78964376
29.35797899 3.78851287
29.35912956 3.78738108
29.36028014 3.78624839
29.36143072 3.78511481
29.36258129 3.78398032
29.36373187 3.78284493
29.36488244 3.78170864
29.36603302 3.78057144
29.36718359 3.77943334
29.36833417 3.77829434
29.36948474 3.77715444
29.37063532 3.77601363
29.37178589 3.77487191
29.37293647 3.77372929
29.37408704 3.77258576
29.37523762 3.77144133
29.37638819 3.77029599
29.37753877 3.76914973
29.37868934 3.76800257
29.37983992 3.76685450
29.38099050 3.76570552
29.38214107 3.76455563
29.38329165 3.76340483
29.38444222 3.76225312
29.38559280 3.76110049
29.38674337 3.75994695
29.38789395 3.75879250
29.38904452 3.75763713
29.39019510 3.75648085
29.39134567 3.75532365
29.39249625 3.75416553
29.39364682 3.75300650
29.39479740 3.75184655
29.39594797 3.75068569
29.39709855 3.74952390
29.39824912 3.74836120
29.39939970 3.74719757
29.40055028 3.74603303
29.40170085 3.74486756
29.40285143 3.74370118
29.40400200 3.74253387
29.40515258 3.74136563
29.40630315 3.74019648
29.40745373 3.73902640
29.40860430 3.73785540
29.40975488 3.73668347
29.41090545 3.73551061
29.41205603 3.73433683
29.41320660 3.73316213
29.41435718 3.73198649
29.41550775 3.73080993
29.41665833 3.72963244
29.41780890 3.72845401
29.41895948 3.72727466
29.42011006 3.72609438
29.42126063 3.72491317
29.42241121 3.72373103
29.42356178 3.72254795
29.42471236 3.72136394
29.42586293 3.72017900
29.42701351 3.71899312
29.42816408 3.71780631
29.42931466 3.71661856
29.43046523 3.71542988
29.43161581 3.71424026
29.43276638 3.71304970
29.43391696 3.71185821
29.43506753 3.71066578
29.43621811 3.70947240
29.43736868 3.70827809
29.43851926 3.70708284
29.43966983 3.70588665
29.44082041 3.70468952
29.44197099 3.70349145
29.44312156 3.70229243
29.44427214 3.70109247
29.44542271 3.69989157
29.44657329 3.69868972
29.44772386 3.69748693
29.44887444 3.69628319
29.45002501 3.69507850
29.45117559 3.69387287
29.45232616 3.69266630
29.45347674 3.69145877
29.45462731 3.69025030
29.45577789 3.68904087
29.45692846 3.68783050
29.45807904 3.68661918
29.45922961 3.68540691
29.46038019 3.68419368
29.46153077 3.68297950
29.46268134 3.68176437
29.46383192 3.68054829
29.46498249 3.67933125
29.46613307 3.67811326
29.46728364 3.67689432
29.46843422 3.67567442
29.46958479 3.67445356
29.47073537 3.67323175
29.47188594 3.67200897
29.47303652 3.67078524
29.47418709 3.66956056
29.47533767 3.66833491
29.47648824 3.66710830
29.47763882 3.66588073
29.47878939 3.66465221
29.47993997 3.66342272
29.48109055 3.66219226
29.48224112 3.66096085
29.48339170 3.65972847
29.48454227 3.65849513
29.48569285 3.65726082
29.48684342 3.65602555
29.48799400 3.65478931
29.48914457 3.65355211
29.49029515 3.65231394
29.49144572 3.65107480
29.49259630 3.64983470
29.49374687 3.64859362
29.49489745 3.64735158
29.49604802 3.64610856
29.49719860 3.64486458
29.49834917 3.64361962
29.49949975 3.64237369
29.50065033 3.64112679
29.50180090 3.63987892
29.50295148 3.63863008
29.50410205 3.63738026
29.50525263 3.63612946
29.50640320 3.63487769
29.50755378 3.63362494
29.50870435 3.63237122
29.50985493 3.63111652
29.51100550 3.62986084
29.51215608 3.62860419
29.51330665 3.62734656
29.51445723 3.62608794
29.51560780 3.62482835
29.51675838 3.62356777
29.51790895 3.62230622
29.51905953 3.62104368
29.52021011 3.61978016
29.52136068 3.61851566
29.52251126 3.61725017
29.52366183 3.61598370
29.52481241 3.61471624
29.52596298 3.61344780
29.52711356 3.61217837
29.52826413 3.61090796
29.52941471 3.60963656
29.53056528 3.60836417
29.53171586 3.60709079
29.53286643 3.60581643
29.53401701 3.60454107
29.53516758 3.60326472
29.53631816 3.60198739
29.53746873 3.60070906
29.53861931 3.59942974
29.53976988 3.59814943
29.54092046 3.59686812
29.54207104 3.59558582
29.54322161 3.59430252
29.54437219 3.59301824
29.54552276 3.59173295
29.54667334 3.59044667
29.54782391 3.58915939
29.54897449 3.58787112
29.55012506 3.58658184
29.55127564 3.58529157
29.55242621 3.58400030
29.55357679 3.58270803
29.55472736 3.58141476
29.55587794 3.58012049
29.55702851 3.57882521
29.55817909 3.57752894
29.55932966 3.57623166
29.56048024 3.57493338
29.56163082 3.57363409
29.56278139 3.57233380
29.56393197 3.57103250
29.56508254 3.56973020
29.56623312 3.56842690
29.56738369 3.56712258
29.56853427 3.56581726
29.56968484 3.56451093
29.57083542 3.56320359
29.57198599 3.56189524
29.57313657 3.56058588
29.57428714 3.55927552
29.57543772 3.55796414
29.57658829 3.55665174
29.57773887 3.55533834
29.57888944 3.55402392
29.58004002 3.55270849
29.58119060 3.55139205
29.58234117 3.55007459
29.58349175 3.54875612
29.58464232 3.54743663
29.58579290 3.54611612
29.58694347 3.54479460
29.58809405 3.54347206
29.58924462 3.54214850
29.59039520 3.54082392
29.59154577 3.53949832
29.59269635 3.53817170
29.59384692 3.53684406
29.59499750 3.53551540
29.59614807 3.53418572
29.59729865 3.53285502
29.59844922 3.53152329
29.59959980 3.53019054
29.60075038 3.52885676
29.60190095 3.52752196
29.60305153 3.52618614
29.60420210 3.52484929
29.60535268 3.52351141
29.60650325 3.52217250
29.60765383 3.52083257
29.60880440 3.51949161
29.60995498 3.51814962
29.61110555 3.51680660
29.61225613 3.51546255
29.61340670 3.51411746
29.61455728 3.51277135
29.61570785 3.51142421
29.61685843 3.51007603
29.61800900 3.50872682
29.61915958 3.50737657
29.62031016 3.50602530
29.62146073 3.50467298
29.62261131 3.50331963
29.62376188 3.50196525
29.62491246 3.50060982
29.62606303 3.49925336
29.62721361 3.49789587
29.62836418 3.49653733
29.62951476 3.49517776
29.63066533 3.49381714
29.63181591 3.49245548
29.63296648 3.49109279
29.63411706 3.48972905
29.63526763 3.48836427
29.63641821 3.48699845
29.63756878 3.48563158
29.63871936 3.48426367
29.63986993 3.48289471
29.64102051 3.48152471
29.64217109 3.48015367
29.64332166 3.47878158
29.64447224 3.47740844
29.64562281 3.47603425
29.64677339 3.47465902
29.64792396 3.47328273
29.64907454 3.47190540
29.65022511 3.47052702
29.65137569 3.46914758
29.65252626 3.46776710
29.65367684 3.46638556
29.65482741 3.46500297
29.65597799 3.46361933
29.65712856 3.46223464
29.65827914 3.46084889
29.65942971 3.45946208
29.66058029 3.45807423
29.66173087 3.45668531
29.66288144 3.45529534
29.66403202 3.45390431
29.66518259 3.45251222
29.66633317 3.45111908
29.66748374 3.44972488
29.66863432 3.44832961
29.66978489 3.44693329
29.67093547 3.44553591
29.67208604 3.44413746
29.67323662 3.44273795
29.67438719 3.44133739
29.67553777 3.43993575
29.67668834 3.43853306
29.67783892 3.43712930
29.67898949 3.43572447
29.68014007 3.43431858
29.68129065 3.43291162
29.68244122 3.43150360
29.68359180 3.43009451
29.68474237 3.42868435
29.68589295 3.42727313
29.68704352 3.42586083
29.68819410 3.42444746
29.68934467 3.42303303
29.69049525 3.42161752
29.69164582 3.42020094
29.69279640 3.41878329
29.69394697 3.41736457
29.69509755 3.41594478
29.69624812 3.41452391
29.69739870 3.41310196
29.69854927 3.41167894
29.69969985 3.41025485
29.70085043 3.40882968
29.70200100 3.40740343
29.70315158 3.40597610
29.70430215 3.40454770
29.70545273 3.40311822
29.70660330 3.40168766
29.70775388 3.40025602
29.70890445 3.39882330
29.71005503 3.39738950
29.71120560 3.39595461
29.71235618 3.39451865
29.71350675 3.39308160
29.71465733 3.39164347
29.71580790 3.39020425
29.71695848 3.38876395
29.71810905 3.38732256
29.71925963 3.38588009
29.72041021 3.38443653
29.72156078 3.38299189
29.72271136 3.38154616
29.72386193 3.38009934
29.72501251 3.37865143
29.72616308 3.37720243
29.72731366 3.37575234
29.72846423 3.37430116
29.72961481 3.37284889
29.73076538 3.37139553
29.73191596 3.36994108
29.73306653 3.36848553
29.73421711 3.36702889
29.73536768 3.36557115
29.73651826 3.36411232
29.73766883 3.36265240
29.73881941 3.36119138
29.73996998 3.35972926
29.74112056 3.35826605
29.74227114 3.35680174
29.74342171 3.35533633
29.74457229 3.35386982
29.74572286 3.35240221
29.74687344 3.35093350
29.74802401 3.34946369
29.74917459 3.34799278
29.75032516 3.34652077
29.75147574 3.34504765
29.75262631 3.34357343
29.75377689 3.34209811
29.75492746 3.34062168
29.75607804 3.33914415
29.75722861 3.33766552
29.75837919 3.33618577
29.75952976 3.33470493
29.76068034 3.33322297
29.76183092 3.33173990
29.76298149 3.33025573
29.76413207 3.32877045
29.76528264 3.32728406
29.76643322 3.32579656
29.76758379 3.32430794
29.76873437 3.32281822
29.76988494 3.32132738
29.77103552 3.31983544
29.77218609 3.31834237
29.77333667 3.31684820
29.77448724 3.31535291
29.77563782 3.31385650
29.77678839 3.31235898
29.77793897 3.31086035
29.77908954 3.30936059
29.78024012 3.30785972
29.78139070 3.30635773
29.78254127 3.30485462
29.78369185 3.30335040
29.78484242 3.30184505
29.78599300 3.30033858
29.78714357 3.29883099
29.78829415 3.29732228
29.78944472 3.29581245
29.79059530 3.29430150
29.79174587 3.29278942
29.79289645 3.29127622
29.79404702 3.28976189
29.79519760 3.28824644
29.79634817 3.28672986
29.79749875 3.28521216
29.79864932 3.28369333
29.79979990 3.28217337
29.80095048 3.28065228
29.80210105 3.27913006
29.80325163 3.27760672
29.80440220 3.27608224
29.80555278 3.27455664
29.80670335 3.27302990
29.80785393 3.27150203
29.80900450 3.26997303
29.81015508 3.26844290
29.81130565 3.26691163
29.81245623 3.26537923
29.81360680 3.26384570
29.81475738 3.26231103
29.81590795 3.26077522
29.81705853 3.25923827
29.81820910 3.25770019
29.81935968 3.25616097
29.82051026 3.25462062
29.82166083 3.25307912
29.82281141 3.25153649
29.82396198 3.24999271
29.82511256 3.24844780
29.82626313 3.24690174
29.82741371 3.24535454
29.82856428 3.24380620
29.82971486 3.24225671
29.83086543 3.24070608
29.83201601 3.23915431
29.83316658 3.23760139
29.83431716 3.23604733
29.83546773 3.23449212
29.83661831 3.23293576
29.83776888 3.23137826
29.83891946 3.22981961
29.84007004 3.22825981
29.84122061 3.22669886
29.84237119 3.22513676
29.84352176 3.22357352
29.84467234 3.22200912
29.84582291 3.22044357
29.84697349 3.21887686
29.84812406 3.21730901
29.84927464 3.21574000
29.85042521 3.21416984
29.85157579 3.21259852
29.85272636 3.21102605
29.85387694 3.20945242
29.85502751 3.20787763
29.85617809 3.20630169
29.85732866 3.20472460
29.85847924 3.20314634
29.85962981 3.20156692
29.86078039 3.19998635
29.86193097 3.19840462
29.86308154 3.19682172
29.86423212 3.19523767
29.86538269 3.19365245
29.86653327 3.19206607
29.86768384 3.19047853
29.86883442 3.18888982
29.86998499 3.18729996
29.87113557 3.18570892
29.87228614 3.18411672
29.87343672 3.18252336
29.87458729 3.18092883
29.87573787 3.17933313
29.87688844 3.17773626
29.87803902 3.17613823
29.87918959 3.17453903
29.88034017 3.17293865
29.88149075 3.17133711
29.88264132 3.16973440
29.88379190 3.16813052
29.88494247 3.16652546
29.88609305 3.16491923
29.88724362 3.16331183
29.88839420 3.16170326
29.88954477 3.16009351
29.89069535 3.15848258
29.89184592 3.15687049
29.89299650 3.15525721
29.89414707 3.15364276
29.89529765 3.15202713
29.89644822 3.15041033
29.89759880 3.14879234
29.89874937 3.14717318
29.89989995 3.14555284
29.90105053 3.14393131
29.90220110 3.14230861
29.90335168 3.14068473
29.90450225 3.13905966
29.90565283 3.13743341
29.90680340 3.13580598
29.90795398 3.13417736
29.90910455 3.13254756
29.91025513 3.13091658
29.91140570 3.12928440
29.91255628 3.12765105
29.91370685 3.12601650
29.91485743 3.12438077
29.91600800 3.12274385
29.91715858 3.12110575
29.91830915 3.11946645
29.91945973 3.11782597
29.92061031 3.11618429
29.92176088 3.11454142
29.92291146 3.11289736
29.92406203 3.11125211
29.92521261 3.10960567
29.92636318 3.10795803
29.92751376 3.10630920
29.92866433 3.10465918
29.92981491 3.10300796
29.93096548 3.10135554
29.93211606 3.09970193
29.93326663 3.09804712
29.93441721 3.09639112
29.93556778 3.09473391
29.93671836 3.09307551
29.93786893 3.09141591
29.93901951 3.08975511
29.94017009 3.08809310
29.94132066 3.08642990
29.94247124 3.08476550
29.94362181 3.08309989
29.94477239 3.08143308
29.94592296 3.07976507
29.94707354 3.07809585
29.94822411 3.07642543
29.94937469 3.07475380
29.95052526 3.07308097
29.95167584 3.07140693
29.95282641 3.06973168
29.95397699 3.06805523
29.95512756 3.06637757
29.95627814 3.06469870
29.95742871 3.06301862
29.95857929 3.06133733
29.95972986 3.05965483
29.96088044 3.05797111
29.96203102 3.05628619
29.96318159 3.05460005
29.96433217 3.05291270
29.96548274 3.05122414
29.96663332 3.04953437
29.96778389 3.04784337
29.96893447 3.04615117
29.97008504 3.04445774
29.97123562 3.04276311
29.97238619 3.04106725
29.97353677 3.03937018
29.97468734 3.03767188
29.97583792 3.03597237
29.97698849 3.03427164
29.97813907 3.03256969
29.97928964 3.03086652
29.98044022 3.02916212
29.98159080 3.02745651
29.98274137 3.02574967
29.98389195 3.02404161
29.98504252 3.02233233
29.98619310 3.02062182
29.98734367 3.01891008
29.98849425 3.01719713
29.98964482 3.01548294
29.99079540 3.01376753
29.99194597 3.01205089
29.99309655 3.01033302
29.99424712 3.00861393
29.99539770 3.00689360
29.99654827 3.00517205
29.99769885 3.00344926
29.99884942 3.00172525
30.00000000 3.00000000
