17.00000000 4.50000000
17.00535268 4.51602651
17.01070535 4.53199007
17.01605803 4.54789078
17.02141071 4.56372877
17.02676338 4.57950415
17.03211606 4.59521704
17.03746873 4.61086755
17.04282141 4.62645580
17.04817409 4.64198190
17.05352676 4.65744598
17.05887944 4.67284815
17.06423212 4.68818852
17.06958479 4.70346721
17.07493747 4.71868433
17.08029015 4.73384001
17.08564282 4.74893436
17.09099550 4.76396749
17.09634817 4.77893952
17.10170085 4.79385056
17.10705353 4.80870074
17.11240620 4.82349017
17.11775888 4.83821897
17.12311156 4.85288724
17.12846423 4.86749511
17.13381691 4.88204269
17.13916958 4.89653011
17.14452226 4.91095747
17.14987494 4.92532489
17.15522761 4.93963248
17.16058029 4.95388037
17.16593297 4.96806867
17.17128564 4.98219750
17.17663832 4.99626697
17.18199100 5.01027719
17.18734367 5.02422829
17.19269635 5.03812038
17.19804902 5.05195358
17.20340170 5.06572799
17.20875438 5.07944375
17.21410705 5.09310096
17.21945973 5.10669974
17.22481241 5.12024021
17.23016508 5.13372248
17.23551776 5.14714667
17.24087044 5.16051289
17.24622311 5.17382126
17.25157579 5.18707190
17.25692846 5.20026493
17.26228114 5.21340045
17.26763382 5.22647859
17.27298649 5.23949946
17.27833917 5.25246318
17.28369185 5.26536986
17.28904452 5.27821962
17.29439720 5.29101258
17.29974987 5.30374885
17.30510255 5.31642854
17.31045523 5.32905178
17.31580790 5.34161868
17.32116058 5.35412936
17.32651326 5.36658393
17.33186593 5.37898251
17.33721861 5.39132521
17.34257129 5.40361215
17.34792396 5.41584345
17.35327664 5.42801922
17.35862931 5.44013958
17.36398199 5.45220465
17.36933467 5.46421453
17.37468734 5.47616936
17.38004002 5.48806923
17.38539270 5.49991428
17.39074537 5.51170461
17.39609805 5.52344034
17.40145073 5.53512159
17.40680340 5.54674847
17.41215608 5.55832111
17.41750875 5.56983961
17.42286143 5.58130409
17.42821411 5.59271467
17.43356678 5.60407146
17.43891946 5.61537458
17.44427214 5.62662415
17.44962481 5.63782028
17.45497749 5.64896309
17.46033017 5.66005270
17.46568284 5.67108921
17.47103552 5.68207275
17.47638819 5.69300344
17.48174087 5.70388138
17.48709355 5.71470670
17.49244622 5.72547951
17.49779890 5.73619993
17.50315158 5.74686807
17.50850425 5.75748404
17.51385693 5.76804798
17.51920960 5.77855999
17.52456228 5.78902018
17.52991496 5.79942868
17.53526763 5.80978559
17.54062031 5.82009104
17.54597299 5.83034515
17.55132566 5.84054802
17.55667834 5.85069978
17.56203102 5.86080054
17.56738369 5.87085041
17.57273637 5.88084951
17.57808904 5.89079797
17.58344172 5.90069589
17.58879440 5.91054339
17.59414707 5.92034058
17.59949975 5.93008759
17.60485243 5.93978453
17.61020510 5.94943151
17.61555778 5.95902866
17.62091046 5.96857608
17.62626313 5.97807389
17.63161581 5.98752221
17.63696848 5.99692116
17.64232116 6.00627085
17.64767384 6.01557140
17.65302651 6.02482292
17.65837919 6.03402554
17.66373187 6.04317935
17.66908454 6.05228449
17.67443722 6.06134107
17.67978989 6.07034920
17.68514257 6.07930900
17.69049525 6.08822059
17.69584792 6.09708408
17.70120060 6.10589959
17.70655328 6.11466724
17.71190595 6.12338713
17.71725863 6.13205939
17.72261131 6.14068414
17.72796398 6.14926148
17.73331666 6.15779154
17.73866933 6.16627443
17.74402201 6.17471027
17.74937469 6.18309917
17.75472736 6.19144125
17.76008004 6.19973662
17.76543272 6.20798541
17.77078539 6.21618772
17.77613807 6.22434368
17.78149075 6.23245340
17.78684342 6.24051699
17.79219610 6.24853458
17.79754877 6.25650627
17.80290145 6.26443219
17.80825413 6.27231245
17.81360680 6.28014717
17.81895948 6.28793645
17.82431216 6.29568043
17.82966483 6.30337921
17.83501751 6.31103291
17.84037019 6.31864165
17.84572286 6.32620554
17.85107554 6.33372470
17.85642821 6.34119925
17.86178089 6.34862930
17.86713357 6.35601496
17.87248624 6.36335636
17.87783892 6.37065360
17.88319160 6.37790682
17.88854427 6.38511611
17.89389695 6.39228160
17.89924962 6.39940341
17.90460230 6.40648164
17.90995498 6.41351643
17.91530765 6.42050787
17.92066033 6.42745609
17.92601301 6.43436121
17.93136568 6.44122334
17.93671836 6.44804259
17.94207104 6.45481908
17.94742371 6.46155294
17.95277639 6.46824427
17.95812906 6.47489319
17.96348174 6.48149981
17.96883442 6.48806426
17.97418709 6.49458665
17.97953977 6.50106710
17.98489245 6.50750571
17.99024512 6.51390262
17.99559780 6.52025792
18.00095048 6.52657175
18.00630315 6.53284421
18.01165583 6.53907542
18.01700850 6.54526550
18.02236118 6.55141457
18.02771386 6.55752273
18.03306653 6.56359011
18.03841921 6.56961683
18.04377189 6.57560299
18.04912456 6.58154871
18.05447724 6.58745412
18.05982991 6.59331932
18.06518259 6.59914444
18.07053527 6.60492958
18.07588794 6.61067487
18.08124062 6.61638042
18.08659330 6.62204635
18.09194597 6.62767277
18.09729865 6.63325980
18.10265133 6.63880755
18.10800400 6.64431614
18.11335668 6.64978570
18.11870935 6.65521632
18.12406203 6.66060814
18.12941471 6.66596126
18.13476738 6.67127580
18.14012006 6.67655189
18.14547274 6.68178962
18.15082541 6.68698913
18.15617809 6.69215052
18.16153077 6.69727391
18.16688344 6.70235942
18.17223612 6.70740717
18.17758879 6.71241727
18.18294147 6.71738983
18.18829415 6.72232497
18.19364682 6.72722282
18.19899950 6.73208348
18.20435218 6.73690707
18.20970485 6.74169371
18.21505753 6.74644351
18.22041021 6.75115659
18.22576288 6.75583306
18.23111556 6.76047305
18.23646823 6.76507666
18.24182091 6.76964402
18.24717359 6.77417524
18.25252626 6.77867043
18.25787894 6.78312972
18.26323162 6.78755321
18.26858429 6.79194103
18.27393697 6.79629328
18.27928964 6.80061010
18.28464232 6.80489158
18.28999500 6.80913786
18.29534767 6.81334903
18.30070035 6.81752523
18.30605303 6.82166657
18.31140570 6.82577316
18.31675838 6.82984511
18.32211106 6.83388256
18.32746373 6.83788560
18.33281641 6.84185436
18.33816908 6.84578895
18.34352176 6.84968949
18.34887444 6.85355610
18.35422711 6.85738889
18.35957979 6.86118798
18.36493247 6.86495348
18.37028514 6.86868551
18.37563782 6.87238418
18.38099050 6.87604962
18.38634317 6.87968194
18.39169585 6.88328125
18.39704852 6.88684767
18.40240120 6.89038131
18.40775388 6.89388230
18.41310655 6.89735075
18.41845923 6.90078677
18.42381191 6.90419048
18.42916458 6.90756200
18.43451726 6.91090144
18.43986993 6.91420893
18.44522261 6.91748456
18.45057529 6.92072847
18.45592796 6.92394076
18.46128064 6.92712156
18.46663332 6.93027097
18.47198599 6.93338913
18.47733867 6.93647613
18.48269135 6.93953210
18.48804402 6.94255715
18.49339670 6.94555141
18.49874937 6.94851498
18.50410205 6.95144798
18.50945473 6.95435053
18.51480740 6.95722275
18.52016008 6.96006474
18.52551276 6.96287663
18.53086543 6.96565853
18.53621811 6.96841057
18.54157079 6.97113284
18.54692346 6.97382548
18.55227614 6.97648859
18.55762881 6.97912230
18.56298149 6.98172672
18.56833417 6.98430196
18.57368684 6.98684814
18.57903952 6.98936538
18.58439220 6.99185379
18.58974487 6.99431349
18.59509755 6.99674460
18.60045023 6.99914723
18.60580290 7.00152149
18.61115558 7.00386751
18.61650825 7.00618540
18.62186093 7.00847528
18.62721361 7.01073726
18.63256628 7.01297145
18.63791896 7.01517798
18.64327164 7.01735696
18.64862431 7.01950851
18.65397699 7.02163274
18.65932966 7.02372977
18.66468234 7.02579971
18.67003502 7.02784268
18.67538769 7.02985880
18.68074037 7.03184818
18.68609305 7.03381095
18.69144572 7.03574720
18.69679840 7.03765707
18.70215108 7.03954067
18.70750375 7.04139810
18.71285643 7.04322950
18.71820910 7.04503498
18.72356178 7.04681464
18.72891446 7.04856861
18.73426713 7.05029701
18.73961981 7.05199995
18.74497249 7.05367754
18.75032516 7.05532991
18.75567784 7.05695716
18.76103052 7.05855942
18.76638319 7.06013679
18.77173587 7.06168941
18.77708854 7.06321737
18.78244122 7.06472081
18.78779390 7.06619983
18.79314657 7.06765455
18.79849925 7.06908509
18.80385193 7.07049156
18.80920460 7.07187408
18.81455728 7.07323276
18.81990995 7.07456773
18.82526263 7.07587909
18.83061531 7.07716697
18.83596798 7.07843147
18.84132066 7.07967273
18.84667334 7.08089084
18.85202601 7.08208593
18.85737869 7.08325811
18.86273137 7.08440751
18.86808404 7.08553423
18.87343672 7.08663839
18.87878939 7.08772012
18.88414207 7.08877951
18.88949475 7.08981670
18.89484742 7.09083179
18.90020010 7.09182490
18.90555278 7.09279616
18.91090545 7.09374567
18.91625813 7.09467355
18.92161081 7.09557991
18.92696348 7.09646488
18.93231616 7.09732857
18.93766883 7.09817109
18.94302151 7.09899257
18.94837419 7.09979311
18.95372686 7.10057284
18.95907954 7.10133186
18.96443222 7.10207030
18.96978489 7.10278828
18.97513757 7.10348590
18.98049025 7.10416328
18.98584292 7.10482055
18.99119560 7.10545781
18.99654827 7.10607518
19.00190095 7.10667278
19.00725363 7.10725073
19.01260630 7.10780913
19.01795898 7.10834812
19.02331166 7.10886779
19.02866433 7.10936827
19.03401701 7.10984968
19.03936968 7.11031213
19.04472236 7.11075574
19.05007504 7.11118062
19.05542771 7.11158689
19.06078039 7.11197466
19.06613307 7.11234406
19.07148574 7.11269519
19.07683842 7.11302818
19.08219110 7.11334313
19.08754377 7.11364017
19.09289645 7.11391942
19.09824912 7.11418098
19.10360180 7.11442498
19.10895448 7.11465152
19.11430715 7.11486073
19.11965983 7.11505273
19.12501251 7.11522762
19.13036518 7.11538553
19.13571786 7.11552656
19.14107054 7.11565085
19.14642321 7.11575849
19.15177589 7.11584962
19.15712856 7.11592434
19.16248124 7.11598277
19.16783392 7.11602503
19.17318659 7.11605123
19.17853927 7.11606149
19.18389195 7.11605593
19.18924462 7.11603465
19.19459730 7.11599779
19.19994997 7.11594545
19.20530265 7.11587775
19.21065533 7.11579480
19.21600800 7.11569672
19.22136068 7.11558364
19.22671336 7.11545566
19.23206603 7.11531289
19.23741871 7.11515547
19.24277139 7.11498349
19.24812406 7.11479709
19.25347674 7.11459637
19.25882941 7.11438145
19.26418209 7.11415244
19.26953477 7.11390947
19.27488744 7.11365265
19.28024012 7.11338210
19.28559280 7.11309792
19.29094547 7.11280024
19.29629815 7.11248918
19.30165083 7.11216484
19.30700350 7.11182735
19.31235618 7.11147682
19.31770885 7.11111337
19.32306153 7.11073711
19.32841421 7.11034816
19.33376688 7.10994664
19.33911956 7.10953266
19.34447224 7.10910633
19.34982491 7.10866778
19.35517759 7.10821713
19.36053027 7.10775447
19.36588294 7.10727994
19.37123562 7.10679365
19.37658829 7.10629572
19.38194097 7.10578625
19.38729365 7.10526537
19.39264632 7.10473319
19.39799900 7.10418984
19.40335168 7.10363541
19.40870435 7.10307004
19.41405703 7.10249384
19.41940970 7.10190692
19.42476238 7.10130939
19.43011506 7.10070139
19.43546773 7.10008301
19.44082041 7.09945439
19.44617309 7.09881562
19.45152576 7.09816684
19.45687844 7.09750815
19.46223112 7.09683967
19.46758379 7.09616153
19.47293647 7.09547382
19.47828914 7.09477668
19.48364182 7.09407021
19.48899450 7.09335454
19.49434717 7.09262977
19.49969985 7.09189603
19.50505253 7.09115343
19.51040520 7.09040209
19.51575788 7.08964211
19.52111056 7.08887363
19.52646323 7.08809676
19.53181591 7.08731160
19.53716858 7.08651828
19.54252126 7.08571691
19.54787394 7.08490762
19.55322661 7.08409051
19.55857929 7.08326570
19.56393197 7.08243331
19.56928464 7.08159345
19.57463732 7.08074624
19.57998999 7.07989180
19.58534267 7.07903024
19.59069535 7.07816168
19.59604802 7.07728623
19.60140070 7.07640402
19.60675338 7.07551514
19.61210605 7.07461974
19.61745873 7.07371791
19.62281141 7.07280977
19.62816408 7.07189545
19.63351676 7.07097505
19.63886943 7.07004870
19.64422211 7.06911650
19.64957479 7.06817858
19.65492746 7.06723505
19.66028014 7.06628603
19.66563282 7.06533163
19.67098549 7.06437197
19.67633817 7.06340717
19.68169085 7.06243734
19.68704352 7.06146259
19.69239620 7.06048305
19.69774887 7.05949883
19.70310155 7.05851005
19.70845423 7.05751682
19.71380690 7.05651925
19.71915958 7.05551747
19.72451226 7.05451159
19.72986493 7.05350173
19.73521761 7.05248800
19.74057029 7.05147052
19.74592296 7.05044940
19.75127564 7.04942477
19.75662831 7.04839673
19.76198099 7.04736540
19.76733367 7.04633090
19.77268634 7.04529335
19.77803902 7.04425286
19.78339170 7.04320955
19.78874437 7.04216353
19.79409705 7.04111492
19.79944972 7.04006383
19.80480240 7.03901039
19.81015508 7.03795470
19.81550775 7.03689689
19.82086043 7.03583707
19.82621311 7.03477536
19.83156578 7.03371186
19.83691846 7.03264671
19.84227114 7.03158001
19.84762381 7.03051188
19.85297649 7.02944243
19.85832916 7.02837179
19.86368184 7.02730007
19.86903452 7.02622738
19.87438719 7.02515385
19.87973987 7.02407958
19.88509255 7.02300469
19.89044522 7.02192930
19.89579790 7.02085353
19.90115058 7.01977749
19.90650325 7.01870130
19.91185593 7.01762507
19.91720860 7.01654892
19.92256128 7.01547296
19.92791396 7.01439732
19.93326663 7.01332210
19.93861931 7.01224743
19.94397199 7.01117342
19.94932466 7.01010018
19.95467734 7.00902784
19.96003002 7.00795651
19.96538269 7.00688630
19.97073537 7.00581733
19.97608804 7.00474971
19.98144072 7.00368357
19.98679340 7.00261902
19.99214607 7.00155618
19.99749875 7.00049515
20.00285143 6.99943606
20.00820410 6.99837894
20.01355678 6.99732379
20.01890945 6.99627057
20.02426213 6.99521927
20.02961481 6.99416986
20.03496748 6.99312233
20.04032016 6.99207665
20.04567284 6.99103281
20.05102551 6.98999077
20.05637819 6.98895053
20.06173087 6.98791206
20.06708354 6.98687533
20.07243622 6.98584033
20.07778889 6.98480703
20.08314157 6.98377542
20.08849425 6.98274548
20.09384692 6.98171717
20.09919960 6.98069049
20.10455228 6.97966541
20.10990495 6.97864191
20.11525763 6.97761996
20.12061031 6.97659955
20.12596298 6.97558066
20.13131566 6.97456326
20.13666833 6.97354734
20.14202101 6.97253287
20.14737369 6.97151983
20.15272636 6.97050820
20.15807904 6.96949796
20.16343172 6.96848909
20.16878439 6.96748156
20.17413707 6.96647536
20.17948974 6.96547047
20.18484242 6.96446686
20.19019510 6.96346451
20.19554777 6.96246340
20.20090045 6.96146351
20.20625313 6.96046483
20.21160580 6.95946732
20.21695848 6.95847097
20.22231116 6.95747575
20.22766383 6.95648165
20.23301651 6.95548864
20.23836918 6.95449671
20.24372186 6.95350583
20.24907454 6.95251598
20.25442721 6.95152713
20.25977989 6.95053928
20.26513257 6.94955239
20.27048524 6.94856645
20.27583792 6.94758144
20.28119060 6.94659732
20.28654327 6.94561410
20.29189595 6.94463173
20.29724862 6.94365020
20.30260130 6.94266949
20.30795398 6.94168959
20.31330665 6.94071045
20.31865933 6.93973208
20.32401201 6.93875444
20.32936468 6.93777751
20.33471736 6.93680128
20.34007004 6.93582572
20.34542271 6.93485081
20.35077539 6.93387653
20.35612806 6.93290286
20.36148074 6.93192977
20.36683342 6.93095725
20.37218609 6.92998528
20.37753877 6.92901383
20.38289145 6.92804289
20.38824412 6.92707242
20.39359680 6.92610242
20.39894947 6.92513285
20.40430215 6.92416371
20.40965483 6.92319496
20.41500750 6.92222659
20.42036018 6.92125858
20.42571286 6.92029089
20.43106553 6.91932353
20.43641821 6.91835645
20.44177089 6.91738964
20.44712356 6.91642309
20.45247624 6.91545676
20.45782891 6.91449064
20.46318159 6.91352471
20.46853427 6.91255894
20.47388694 6.91159332
20.47923962 6.91062782
20.48459230 6.90966242
20.48994497 6.90869711
20.49529765 6.90773185
20.50065033 6.90676663
20.50600300 6.90580143
20.51135568 6.90483623
20.51670835 6.90387100
20.52206103 6.90290573
20.52741371 6.90194039
20.53276638 6.90097496
20.53811906 6.90000942
20.54347174 6.89904376
20.54882441 6.89807794
20.55417709 6.89711195
20.55952976 6.89614577
20.56488244 6.89517937
20.57023512 6.89421274
20.57558779 6.89324585
20.58094047 6.89227868
20.58629315 6.89131122
20.59164582 6.89034343
20.59699850 6.88937530
20.60235118 6.88840681
20.60770385 6.88743794
20.61305653 6.88646867
20.61840920 6.88549896
20.62376188 6.88452882
20.62911456 6.88355820
20.63446723 6.88258710
20.63981991 6.88161548
20.64517259 6.88064334
20.65052526 6.87967064
20.65587794 6.87869737
20.66123062 6.87772351
20.66658329 6.87674903
20.67193597 6.87577391
20.67728864 6.87479814
20.68264132 6.87382169
20.68799400 6.87284454
20.69334667 6.87186666
20.69869935 6.87088805
20.70405203 6.86990867
20.70940470 6.86892851
20.71475738 6.86794755
20.72011006 6.86696575
20.72546273 6.86598311
20.73081541 6.86499961
20.73616808 6.86401521
20.74152076 6.86302990
20.74687344 6.86204366
20.75222611 6.86105647
20.75757879 6.86006830
20.76293147 6.85907914
20.76828414 6.85808896
20.77363682 6.85709774
20.77898949 6.85610547
20.78434217 6.85511212
20.78969485 6.85411766
20.79504752 6.85312209
20.80040020 6.85212537
20.80575288 6.85112749
20.81110555 6.85012842
20.81645823 6.84912814
20.82181091 6.84812664
20.82716358 6.84712390
20.83251626 6.84611988
20.83786893 6.84511457
20.84322161 6.84410795
20.84857429 6.84310000
20.85392696 6.84209069
20.85927964 6.84108001
20.86463232 6.84006793
20.86998499 6.83905444
20.87533767 6.83803950
20.88069035 6.83702311
20.88604302 6.83600524
20.89139570 6.83498587
20.89674837 6.83396497
20.90210105 6.83294253
20.90745373 6.83191853
20.91280640 6.83089294
20.91815908 6.82986574
20.92351176 6.82883691
20.92886443 6.82780644
20.93421711 6.82677429
20.93956978 6.82574046
20.94492246 6.82470491
20.95027514 6.82366763
20.95562781 6.82262859
20.96098049 6.82158778
20.96633317 6.82054517
20.97168584 6.81950074
20.97703852 6.81845447
20.98239120 6.81740635
20.98774387 6.81635634
20.99309655 6.81530443
20.99844922 6.81425059
21.00380190 6.81319482
21.00915458 6.81213707
21.01450725 6.81107734
21.01985993 6.81001560
21.02521261 6.80895183
21.03056528 6.80788602
21.03591796 6.80681813
21.04127064 6.80574815
21.04662331 6.80467605
21.05197599 6.80360182
21.05732866 6.80252544
21.06268134 6.80144688
21.06803402 6.80036612
21.07338669 6.79928314
21.07873937 6.79819792
21.08409205 6.79711045
21.08944472 6.79602068
21.09479740 6.79492862
21.10015008 6.79383423
21.10550275 6.79273750
21.11085543 6.79163840
21.11620810 6.79053691
21.12156078 6.78943301
21.12691346 6.78832669
21.13226613 6.78721791
21.13761881 6.78610666
21.14297149 6.78499291
21.14832416 6.78387666
21.15367684 6.78275786
21.15902951 6.78163652
21.16438219 6.78051259
21.16973487 6.77938606
21.17508754 6.77825692
21.18044022 6.77712513
21.18579290 6.77599069
21.19114557 6.77485355
21.19649825 6.77371372
21.20185093 6.77257116
21.20720360 6.77142585
21.21255628 6.77027778
21.21790895 6.76912692
21.22326163 6.76797324
21.22861431 6.76681674
21.23396698 6.76565739
21.23931966 6.76449516
21.24467234 6.76333004
21.25002501 6.76216200
21.25537769 6.76099102
21.26073037 6.75981709
21.26608304 6.75864018
21.27143572 6.75746028
21.27678839 6.75627735
21.28214107 6.75509138
21.28749375 6.75390234
21.29284642 6.75271022
21.29819910 6.75151500
21.30355178 6.75031665
21.30890445 6.74911516
21.31425713 6.74791049
21.31960980 6.74670264
21.32496248 6.74549157
21.33031516 6.74427727
21.33566783 6.74305973
21.34102051 6.74183890
21.34637319 6.74061478
21.35172586 6.73938735
21.35707854 6.73815658
21.36243122 6.73692245
21.36778389 6.73568494
21.37313657 6.73444403
21.37848924 6.73319970
21.38384192 6.73195193
21.38919460 6.73070069
21.39454727 6.72944597
21.39989995 6.72818774
21.40525263 6.72692599
21.41060530 6.72566068
21.41595798 6.72439181
21.42131066 6.72311935
21.42666333 6.72184327
21.43201601 6.72056357
21.43736868 6.71928020
21.44272136 6.71799317
21.44807404 6.71670244
21.45342671 6.71540799
21.45877939 6.71410980
21.46413207 6.71280786
21.46948474 6.71150213
21.47483742 6.71019261
21.48019010 6.70887926
21.48554277 6.70756206
21.49089545 6.70624101
21.49624812 6.70491606
21.50160080 6.70358721
21.50695348 6.70225444
21.51230615 6.70091771
21.51765883 6.69957701
21.52301151 6.69823232
21.52836418 6.69688362
21.53371686 6.69553089
21.53906953 6.69417410
21.54442221 6.69281323
21.54977489 6.69144827
21.55512756 6.69007919
21.56048024 6.68870597
21.56583292 6.68732860
21.57118559 6.68594704
21.57653827 6.68456128
21.58189095 6.68317129
21.58724362 6.68177706
21.59259630 6.68037857
21.59794897 6.67897578
21.60330165 6.67756870
21.60865433 6.67615728
21.61400700 6.67474151
21.61935968 6.67332137
21.62471236 6.67189684
21.63006503 6.67046789
21.63541771 6.66903452
21.64077039 6.66759668
21.64612306 6.66615437
21.65147574 6.66470756
21.65682841 6.66325623
21.66218109 6.66180037
21.66753377 6.66033994
21.67288644 6.65887493
21.67823912 6.65740532
21.68359180 6.65593108
21.68894447 6.65445219
21.69429715 6.65296865
21.69964982 6.65148041
21.70500250 6.64998746
21.71035518 6.64848979
21.71570785 6.64698736
21.72106053 6.64548016
21.72641321 6.64396817
21.73176588 6.64245137
21.73711856 6.64092973
21.74247124 6.63940323
21.74782391 6.63787185
21.75317659 6.63633558
21.75852926 6.63479439
21.76388194 6.63324826
21.76923462 6.63169716
21.77458729 6.63014108
21.77993997 6.62858000
21.78529265 6.62701389
21.79064532 6.62544274
21.79599800 6.62386652
21.80135068 6.62228521
21.80670335 6.62069879
21.81205603 6.61910724
21.81740870 6.61751054
21.82276138 6.61590866
21.82811406 6.61430160
21.83346673 6.61268931
21.83881941 6.61107179
21.84417209 6.60944902
21.84952476 6.60782096
21.85487744 6.60618761
21.86023012 6.60454893
21.86558279 6.60290492
21.87093547 6.60125554
21.87628814 6.59960077
21.88164082 6.59794061
21.88699350 6.59627501
21.89234617 6.59460397
21.89769885 6.59292746
21.90305153 6.59124546
21.90840420 6.58955795
21.91375688 6.58786491
21.91910955 6.58616632
21.92446223 6.58446215
21.92981491 6.58275239
21.93516758 6.58103701
21.94052026 6.57931600
21.94587294 6.57758932
21.95122561 6.57585697
21.95657829 6.57411892
21.96193097 6.57237514
21.96728364 6.57062563
21.97263632 6.56887035
21.97798899 6.56710928
21.98334167 6.56534241
21.98869435 6.56356971
21.99404702 6.56179117
21.99939970 6.56000675
22.00475238 6.55821644
22.01010505 6.55642023
22.01545773 6.55461808
22.02081041 6.55280998
22.02616308 6.55099590
22.03151576 6.54917583
22.03686843 6.54734974
22.04222111 6.54551761
22.04757379 6.54367942
22.05292646 6.54183515
22.05827914 6.53998478
22.06363182 6.53812829
22.06898449 6.53626566
22.07433717 6.53439686
22.07968984 6.53252188
22.08504252 6.53064069
22.09039520 6.52875327
22.09574787 6.52685960
22.10110055 6.52495966
22.10645323 6.52305343
22.11180590 6.52114089
22.11715858 6.51922202
22.12251126 6.51729679
22.12786393 6.51536518
22.13321661 6.51342718
22.13856928 6.51148276
22.14392196 6.50953190
22.14927464 6.50757458
22.15462731 6.50561079
22.15997999 6.50364048
22.16533267 6.50166366
22.17068534 6.49968029
22.17603802 6.49769036
22.18139070 6.49569384
22.18674337 6.49369071
22.19209605 6.49168095
22.19744872 6.48966454
22.20280140 6.48764147
22.20815408 6.48561170
22.21350675 6.48357521
22.21885943 6.48153200
22.22421211 6.47948202
22.22956478 6.47742528
22.23491746 6.47536173
22.24027014 6.47329136
22.24562281 6.47121416
22.25097549 6.46913009
22.25632816 6.46703914
22.26168084 6.46494129
22.26703352 6.46283652
22.27238619 6.46072480
22.27773887 6.45860611
22.28309155 6.45648044
22.28844422 6.45434776
22.29379690 6.45220804
22.29914957 6.45006128
22.30450225 6.44790745
22.30985493 6.44574652
22.31520760 6.44357848
22.32056028 6.44140330
22.32591296 6.43922097
22.33126563 6.43703146
22.33661831 6.43483475
22.34197099 6.43263082
22.34732366 6.43041965
22.35267634 6.42820122
22.35802901 6.42597551
22.36338169 6.42374249
22.36873437 6.42150215
22.37408704 6.41925446
22.37943972 6.41699940
22.38479240 6.41473696
22.39014507 6.41246710
22.39549775 6.41018982
22.40085043 6.40790508
22.40620310 6.40561287
22.41155578 6.40331317
22.41690845 6.40100595
22.42226113 6.39869120
22.42761381 6.39636889
22.43296648 6.39403900
22.43831916 6.39170151
22.44367184 6.38935640
22.44902451 6.38700365
22.45437719 6.38464324
22.45972986 6.38227514
22.46508254 6.37989934
22.47043522 6.37751581
22.47578789 6.37512454
22.48114057 6.37272550
22.48649325 6.37031867
22.49184592 6.36790402
22.49719860 6.36548155
22.50255128 6.36305122
22.50790395 6.36061302
22.51325663 6.35816693
22.51860930 6.35571292
22.52396198 6.35325097
22.52931466 6.35078107
22.53466733 6.34830318
22.54002001 6.34581730
22.54537269 6.34332339
22.55072536 6.34082144
22.55607804 6.33831143
22.56143072 6.33579333
22.56678339 6.33326713
22.57213607 6.33073280
22.57748874 6.32819033
22.58284142 6.32563968
22.58819410 6.32308084
22.59354677 6.32051380
22.59889945 6.31793852
22.60425213 6.31535498
22.60960480 6.31276317
22.61495748 6.31016307
22.62031016 6.30755465
22.62566283 6.30493789
22.63101551 6.30231278
22.63636818 6.29967928
22.64172086 6.29703738
22.64707354 6.29438706
22.65242621 6.29172830
22.65777889 6.28906107
22.66313157 6.28638535
22.66848424 6.28370113
22.67383692 6.28100838
22.67918959 6.27830709
22.68454227 6.27559722
22.68989495 6.27287876
22.69524762 6.27015169
22.70060030 6.26741599
22.70595298 6.26467163
22.71130565 6.26191860
22.71665833 6.25915687
22.72201101 6.25638642
22.72736368 6.25360724
22.73271636 6.25081929
22.73806903 6.24802256
22.74342171 6.24521703
22.74877439 6.24240268
22.75412706 6.23957949
22.75947974 6.23674742
22.76483242 6.23390648
22.77018509 6.23105662
22.77553777 6.22819784
22.78089045 6.22533010
22.78624312 6.22245340
22.79159580 6.21956770
22.79694847 6.21667299
22.80230115 6.21376925
22.80765383 6.21085645
22.81300650 6.20793457
22.81835918 6.20500360
22.82371186 6.20206351
22.82906453 6.19911428
22.83441721 6.19615589
22.83976988 6.19318831
22.84512256 6.19021154
22.85047524 6.18722554
22.85582791 6.18423029
22.86118059 6.18122578
22.86653327 6.17821198
22.87188594 6.17518887
22.87723862 6.17215643
22.88259130 6.16911465
22.88794397 6.16606349
22.89329665 6.16300293
22.89864932 6.15993297
22.90400200 6.15685357
22.90935468 6.15376471
22.91470735 6.15066637
22.92006003 6.14755854
22.92541271 6.14444119
22.93076538 6.14131430
22.93611806 6.13817784
22.94147074 6.13503180
22.94682341 6.13187616
22.95217609 6.12871090
22.95752876 6.12553598
22.96288144 6.12235140
22.96823412 6.11915714
22.97358679 6.11595316
22.97893947 6.11273945
22.98429215 6.10951599
22.98964482 6.10628276
22.99499750 6.10303974
23.00035018 6.09978690
23.00570285 6.09652428
23.01105553 6.09325210
23.01640820 6.08997062
23.02176088 6.08668009
23.02711356 6.08338078
23.03246623 6.08007293
23.03781891 6.07675682
23.04317159 6.07343270
23.04852426 6.07010081
23.05387694 6.06676143
23.05922961 6.06341481
23.06458229 6.06006121
23.06993497 6.05670088
23.07528764 6.05333409
23.08064032 6.04996109
23.08599300 6.04658214
23.09134567 6.04319749
23.09669835 6.03980741
23.10205103 6.03641214
23.10740370 6.03301196
23.11275638 6.02960712
23.11810905 6.02619787
23.12346173 6.02278448
23.12881441 6.01936719
23.13416708 6.01594628
23.13951976 6.01252199
23.14487244 6.00909458
23.15022511 6.00566432
23.15557779 6.00223146
23.16093047 5.99879625
23.16628314 5.99535896
23.17163582 5.99191984
23.17698849 5.98847915
23.18234117 5.98503715
23.18769385 5.98159410
23.19304652 5.97815025
23.19839920 5.97470587
23.20375188 5.97126120
23.20910455 5.96781651
23.21445723 5.96437205
23.21980990 5.96092809
23.22516258 5.95748488
23.23051526 5.95404268
23.23586793 5.95060174
23.24122061 5.94716233
23.24657329 5.94372469
23.25192596 5.94028910
23.25727864 5.93685581
23.26263132 5.93342507
23.26798399 5.92999714
23.27333667 5.92657228
23.27868934 5.92315075
23.28404202 5.91973281
23.28939470 5.91631871
23.29474737 5.91290871
23.30010005 5.90950307
23.30545273 5.90610205
23.31080540 5.90270590
23.31615808 5.89931489
23.32151076 5.89592927
23.32686343 5.89254929
23.33221611 5.88917522
23.33756878 5.88580731
23.34292146 5.88244583
23.34827414 5.87909102
23.35362681 5.87574315
23.35897949 5.87240248
23.36433217 5.86906925
23.36968484 5.86574374
23.37503752 5.86242620
23.38039020 5.85911688
23.38574287 5.85581604
23.39109555 5.85252395
23.39644822 5.84924086
23.40180090 5.84596702
23.40715358 5.84270269
23.41250625 5.83944814
23.41785893 5.83620362
23.42321161 5.83296939
23.42856428 5.82974570
23.43391696 5.82653281
23.43926963 5.82333099
23.44462231 5.82014048
23.44997499 5.81696156
23.45532766 5.81379446
23.46068034 5.81063946
23.46603302 5.80749681
23.47138569 5.80436676
23.47673837 5.80124959
23.48209105 5.79814553
23.48744372 5.79505485
23.49279640 5.79197782
23.49814907 5.78891468
23.50350175 5.78586569
23.50885443 5.78283112
23.51420710 5.77981122
23.51955978 5.77680624
23.52491246 5.77381645
23.53026513 5.77084210
23.53561781 5.76788345
23.54097049 5.76494076
23.54632316 5.76201429
23.55167584 5.75910429
23.55702851 5.75621103
23.56238119 5.75333475
23.56773387 5.75047572
23.57308654 5.74763420
23.57843922 5.74481043
23.58379190 5.74200469
23.58914457 5.73921723
23.59449725 5.73644830
23.59984992 5.73369817
23.60520260 5.73096709
23.61055528 5.72825532
23.61590795 5.72556312
23.62126063 5.72289074
23.62661331 5.72023844
23.63196598 5.71760649
23.63731866 5.71499513
23.64267134 5.71240463
23.64802401 5.70983524
23.65337669 5.70728722
23.65872936 5.70476084
23.66408204 5.70225634
23.66943472 5.69977398
23.67478739 5.69731403
23.68014007 5.69487674
23.68549275 5.69246236
23.69084542 5.69007117
23.69619810 5.68770340
23.70155078 5.68535933
23.70690345 5.68303920
23.71225613 5.68074329
23.71760880 5.67847184
23.72296148 5.67622511
23.72831416 5.67400336
23.73366683 5.67180685
23.73901951 5.66963583
23.74437219 5.66749057
23.74972486 5.66537132
23.75507754 5.66327834
23.76043022 5.66121188
23.76578289 5.65917221
23.77113557 5.65715958
23.77648824 5.65517426
23.78184092 5.65321649
23.78719360 5.65128653
23.79254627 5.64938465
23.79789895 5.64751110
23.80325163 5.64566614
23.80860430 5.64385003
23.81395698 5.64206302
23.81930965 5.64030537
23.82466233 5.63857734
23.83001501 5.63687919
23.83536768 5.63521118
23.84072036 5.63357355
23.84607304 5.63196658
23.85142571 5.63039052
23.85677839 5.62884563
23.86213107 5.62733216
23.86748374 5.62585037
23.87283642 5.62440052
23.87818909 5.62298287
23.88354177 5.62159767
23.88889445 5.62024519
23.89424712 5.61892568
23.89959980 5.61763940
23.90495248 5.61638660
23.91030515 5.61516755
23.91565783 5.61398249
23.92101051 5.61283170
23.92636318 5.61171543
23.93171586 5.61063393
23.93706853 5.60958747
23.94242121 5.60857629
23.94777389 5.60760066
23.95312656 5.60666084
23.95847924 5.60575709
23.96383192 5.60488965
23.96918459 5.60405880
23.97453727 5.60326478
23.97988994 5.60250786
23.98524262 5.60178829
23.99059530 5.60110633
23.99594797 5.60046224
24.00130065 5.59985628
24.00665333 5.59928851
24.01200600 5.59875865
24.01735868 5.59826638
24.02271136 5.59781137
24.02806403 5.59739328
24.03341671 5.59701178
24.03876938 5.59666656
24.04412206 5.59635727
24.04947474 5.59608360
24.05482741 5.59584521
24.06018009 5.59564177
24.06553277 5.59547295
24.07088544 5.59533843
24.07623812 5.59523787
24.08159080 5.59517095
24.08694347 5.59513735
24.09229615 5.59513672
24.09764882 5.59516874
24.10300150 5.59523308
24.10835418 5.59532942
24.11370685 5.59545742
24.11905953 5.59561675
24.12441221 5.59580710
24.12976488 5.59602812
24.13511756 5.59627949
24.14047024 5.59656088
24.14582291 5.59687196
24.15117559 5.59721240
24.15652826 5.59758188
24.16188094 5.59798006
24.16723362 5.59840662
24.17258629 5.59886122
24.17793897 5.59934354
24.18329165 5.59985325
24.18864432 5.60039003
24.19399700 5.60095353
24.19934967 5.60154344
24.20470235 5.60215942
24.21005503 5.60280114
24.21540770 5.60346828
24.22076038 5.60416051
24.22611306 5.60487750
24.23146573 5.60561891
24.23681841 5.60638443
24.24217109 5.60717372
24.24752376 5.60798645
24.25287644 5.60882229
24.25822911 5.60968093
24.26358179 5.61056201
24.26893447 5.61146523
24.27428714 5.61239024
24.27963982 5.61333673
24.28499250 5.61430435
24.29034517 5.61529279
24.29569785 5.61630171
24.30105053 5.61733078
24.30640320 5.61837968
24.31175588 5.61944808
24.31710855 5.62053565
24.32246123 5.62164205
24.32781391 5.62276697
24.33316658 5.62391006
24.33851926 5.62507101
24.34387194 5.62624948
24.34922461 5.62744515
24.35457729 5.62865768
24.35992996 5.62988675
24.36528264 5.63113203
24.37063532 5.63239319
24.37598799 5.63366990
24.38134067 5.63496183
24.38669335 5.63626865
24.39204602 5.63759004
24.39739870 5.63892566
24.40275138 5.64027519
24.40810405 5.64163830
24.41345673 5.64301465
24.41880940 5.64440393
24.42416208 5.64580579
24.42951476 5.64721992
24.43486743 5.64864598
24.44022011 5.65008364
24.44557279 5.65153259
24.45092546 5.65299247
24.45627814 5.65446298
24.46163082 5.65594377
24.46698349 5.65743453
24.47233617 5.65893491
24.47768884 5.66044460
24.48304152 5.66196326
24.48839420 5.66349057
24.49374687 5.66502619
24.49909955 5.66656980
24.50445223 5.66812106
24.50980490 5.66967966
24.51515758 5.67124525
24.52051026 5.67281752
24.52586293 5.67439613
24.53121561 5.67598076
24.53656828 5.67757107
24.54192096 5.67916673
24.54727364 5.68076743
24.55262631 5.68237282
24.55797899 5.68398258
24.56333167 5.68559638
24.56868434 5.68721390
24.57403702 5.68883479
24.57938969 5.69045875
24.58474237 5.69208542
24.59009505 5.69371450
24.59544772 5.69534564
24.60080040 5.69697852
24.60615308 5.69861281
24.61150575 5.70024818
24.61685843 5.70188430
24.62221111 5.70352085
24.62756378 5.70515749
24.63291646 5.70679389
24.63826913 5.70842974
24.64362181 5.71006469
24.64897449 5.71169842
24.65432716 5.71333060
24.65967984 5.71496090
24.66503252 5.71658900
24.67038519 5.71821456
24.67573787 5.71983725
24.68109055 5.72145675
24.68644322 5.72307273
24.69179590 5.72468485
24.69714857 5.72629279
24.70250125 5.72789623
24.70785393 5.72949483
24.71320660 5.73108826
24.71855928 5.73267619
24.72391196 5.73425830
24.72926463 5.73583426
24.73461731 5.73740373
24.73996998 5.73896639
24.74532266 5.74052191
24.75067534 5.74206996
24.75602801 5.74361022
24.76138069 5.74514235
24.76673337 5.74666602
24.77208604 5.74818091
24.77743872 5.74968668
24.78279140 5.75118301
24.78814407 5.75266958
24.79349675 5.75414604
24.79884942 5.75561207
24.80420210 5.75706734
24.80955478 5.75851153
24.81490745 5.75994431
24.82026013 5.76136534
24.82561281 5.76277429
24.83096548 5.76417085
24.83631816 5.76555467
24.84167084 5.76692544
24.84702351 5.76828281
24.85237619 5.76962647
24.85772886 5.77095608
24.86308154 5.77227132
24.86843422 5.77357186
24.87378689 5.77485736
24.87913957 5.77612750
24.88449225 5.77738195
24.88984492 5.77862038
24.89519760 5.77984246
24.90055028 5.78104787
24.90590295 5.78223627
24.91125563 5.78340733
24.91660830 5.78456073
24.92196098 5.78569614
24.92731366 5.78681323
24.93266633 5.78791167
24.93801901 5.78899113
24.94337169 5.79005128
24.94872436 5.79109180
24.95407704 5.79211235
24.95942971 5.79311260
24.96478239 5.79409224
24.97013507 5.79505092
24.97548774 5.79598832
24.98084042 5.79690411
24.98619310 5.79779796
24.99154577 5.79866954
24.99689845 5.79951853
25.00225113 5.80034460
25.00760380 5.80114760
25.01295648 5.80192760
25.01830915 5.80268468
25.02366183 5.80341892
25.02901451 5.80413041
25.03436718 5.80481922
25.03971986 5.80548543
25.04507254 5.80612914
25.05042521 5.80675041
25.05577789 5.80734933
25.06113057 5.80792597
25.06648324 5.80848043
25.07183592 5.80901279
25.07718859 5.80952311
25.08254127 5.81001150
25.08789395 5.81047801
25.09324662 5.81092275
25.09859930 5.81134578
25.10395198 5.81174719
25.10930465 5.81212706
25.11465733 5.81248548
25.12001001 5.81282251
25.12536268 5.81313825
25.13071536 5.81343278
25.13606803 5.81370617
25.14142071 5.81395851
25.14677339 5.81418988
25.15212606 5.81440036
25.15747874 5.81459003
25.16283142 5.81475897
25.16818409 5.81490727
25.17353677 5.81503500
25.17888944 5.81514224
25.18424212 5.81522908
25.18959480 5.81529561
25.19494747 5.81534188
25.20030015 5.81536800
25.20565283 5.81537404
25.21100550 5.81536009
25.21635818 5.81532622
25.22171086 5.81527251
25.22706353 5.81519905
25.23241621 5.81510591
25.23776888 5.81499319
25.24312156 5.81486095
25.24847424 5.81470928
25.25382691 5.81453827
25.25917959 5.81434799
25.26453227 5.81413852
25.26988494 5.81390995
25.27523762 5.81366236
25.28059030 5.81339582
25.28594297 5.81311042
25.29129565 5.81280624
25.29664832 5.81248337
25.30200100 5.81214187
25.30735368 5.81178184
25.31270635 5.81140335
25.31805903 5.81100649
25.32341171 5.81059134
25.32876438 5.81015797
25.33411706 5.80970648
25.33946973 5.80923693
25.34482241 5.80874942
25.35017509 5.80824402
25.35552776 5.80772081
25.36088044 5.80717988
25.36623312 5.80662130
25.37158579 5.80604516
25.37693847 5.80545154
25.38229115 5.80484052
25.38764382 5.80421218
25.39299650 5.80356661
25.39834917 5.80290387
25.40370185 5.80222406
25.40905453 5.80152726
25.41440720 5.80081354
25.41975988 5.80008299
25.42511256 5.79933569
25.43046523 5.79857172
25.43581791 5.79779116
25.44117059 5.79699409
25.44652326 5.79618060
25.45187594 5.79535076
25.45722861 5.79450466
25.46258129 5.79364238
25.46793397 5.79276399
25.47328664 5.79186958
25.47863932 5.79095924
25.48399200 5.79003303
25.48934467 5.78909105
25.49469735 5.78813337
25.50005003 5.78716008
25.50540270 5.78617125
25.51075538 5.78516697
25.51610805 5.78414732
25.52146073 5.78311238
25.52681341 5.78206224
25.53216608 5.78099696
25.53751876 5.77991664
25.54287144 5.77882135
25.54822411 5.77771117
25.55357679 5.77658620
25.55892946 5.77544650
25.56428214 5.77429216
25.56963482 5.77312326
25.57498749 5.77193989
25.58034017 5.77074211
25.58569285 5.76953002
25.59104552 5.76830369
25.59639820 5.76706322
25.60175088 5.76580866
25.60710355 5.76454012
25.61245623 5.76325767
25.61780890 5.76196138
25.62316158 5.76065135
25.62851426 5.75932765
25.63386693 5.75799037
25.63921961 5.75663958
25.64457229 5.75527537
25.64992496 5.75389782
25.65527764 5.75250700
25.66063032 5.75110300
25.66598299 5.74968591
25.67133567 5.74825580
25.67668834 5.74681275
25.68204102 5.74535685
25.68739370 5.74388817
25.69274637 5.74240680
25.69809905 5.74091282
25.70345173 5.73940631
25.70880440 5.73788734
25.71415708 5.73635601
25.71950975 5.73481240
25.72486243 5.73325657
25.73021511 5.73168862
25.73556778 5.73010863
25.74092046 5.72851668
25.74627314 5.72691284
25.75162581 5.72529720
25.75697849 5.72366985
25.76233117 5.72203086
25.76768384 5.72038031
25.77303652 5.71871828
25.77838919 5.71704486
25.78374187 5.71536013
25.78909455 5.71366416
25.79444722 5.71195704
25.79979990 5.71023886
25.80515258 5.70850968
25.81050525 5.70676960
25.81585793 5.70501869
25.82121061 5.70325704
25.82656328 5.70148472
25.83191596 5.69970182
25.83726863 5.69790842
25.84262131 5.69610460
25.84797399 5.69429044
25.85332666 5.69246602
25.85867934 5.69063142
25.86403202 5.68878673
25.86938469 5.68693202
25.87473737 5.68506738
25.88009005 5.68319289
25.88544272 5.68130862
25.89079540 5.67941467
25.89614807 5.67751110
25.90150075 5.67559801
25.90685343 5.67367548
25.91220610 5.67174357
25.91755878 5.66980239
25.92291146 5.66785200
25.92826413 5.66589248
25.93361681 5.66392393
25.93896948 5.66194642
25.94432216 5.65996003
25.94967484 5.65796484
25.95502751 5.65596093
25.96038019 5.65394840
25.96573287 5.65192730
25.97108554 5.64989774
25.97643822 5.64785978
25.98179090 5.64581351
25.98714357 5.64375902
25.99249625 5.64169637
25.99784892 5.63962566
26.00320160 5.63754696
26.00855428 5.63546036
26.01390695 5.63336593
26.01925963 5.63126377
26.02461231 5.62915394
26.02996498 5.62703653
26.03531766 5.62491162
26.04067034 5.62277930
26.04602301 5.62063964
26.05137569 5.61849272
26.05672836 5.61633863
26.06208104 5.61417745
26.06743372 5.61200926
26.07278639 5.60983413
26.07813907 5.60765216
26.08349175 5.60546341
26.08884442 5.60326798
26.09419710 5.60106595
26.09954977 5.59885739
26.10490245 5.59664238
26.11025513 5.59442101
26.11560780 5.59219337
26.12096048 5.58995952
26.12631316 5.58771955
26.13166583 5.58547354
26.13701851 5.58322158
26.14237119 5.58096375
26.14772386 5.57870011
26.15307654 5.57643077
26.15842921 5.57415579
26.16378189 5.57187526
26.16913457 5.56958927
26.17448724 5.56729788
26.17983992 5.56500119
26.18519260 5.56269927
26.19054527 5.56039220
26.19589795 5.55808007
26.20125063 5.55576296
26.20660330 5.55344095
26.21195598 5.55111412
26.21730865 5.54878254
26.22266133 5.54644631
26.22801401 5.54410551
26.23336668 5.54176020
26.23871936 5.53941048
26.24407204 5.53705643
26.24942471 5.53469813
26.25477739 5.53233565
26.26013007 5.52996909
26.26548274 5.52759851
26.27083542 5.52522401
26.27618809 5.52284567
26.28154077 5.52046355
26.28689345 5.51807775
26.29224612 5.51568835
26.29759880 5.51329543
26.30295148 5.51089907
26.30830415 5.50849935
26.31365683 5.50609635
26.31900950 5.50369015
26.32436218 5.50128083
26.32971486 5.49886848
26.33506753 5.49645318
26.34042021 5.49403501
26.34577289 5.49161404
26.35112556 5.48919036
26.35647824 5.48676406
26.36183092 5.48433520
26.36718359 5.48190388
26.37253627 5.47947017
26.37788894 5.47703416
26.38324162 5.47459593
26.38859430 5.47215555
26.39394697 5.46971311
26.39929965 5.46726870
26.40465233 5.46482238
26.41000500 5.46237425
26.41535768 5.45992438
26.42071036 5.45747285
26.42606303 5.45501975
26.43141571 5.45256516
26.43676838 5.45010916
26.44212106 5.44765183
26.44747374 5.44519324
26.45282641 5.44273349
26.45817909 5.44027265
26.46353177 5.43781081
26.46888444 5.43534804
26.47423712 5.43288443
26.47958979 5.43042005
26.48494247 5.42795499
26.49029515 5.42548934
26.49564782 5.42302316
26.50100050 5.42055655
26.50635318 5.41808958
26.51170585 5.41562233
26.51705853 5.41315490
26.52241121 5.41068734
26.52776388 5.40821976
26.53311656 5.40575222
26.53846923 5.40328482
26.54382191 5.40081762
26.54917459 5.39835072
26.55452726 5.39588420
26.55987994 5.39341812
26.56523262 5.39095259
26.57058529 5.38848767
26.57593797 5.38602345
26.58129065 5.38356001
26.58664332 5.38109743
26.59199600 5.37863579
26.59734867 5.37617518
26.60270135 5.37371567
26.60805403 5.37125734
26.61340670 5.36880028
26.61875938 5.36634457
26.62411206 5.36389029
26.62946473 5.36143752
26.63481741 5.35898634
26.64017009 5.35653683
26.64552276 5.35408908
26.65087544 5.35164316
26.65622811 5.34919915
26.66158079 5.34675715
26.66693347 5.34431722
26.67228614 5.34187945
26.67763882 5.33944392
26.68299150 5.33701071
26.68834417 5.33457991
26.69369685 5.33215159
26.69904952 5.32972583
26.70440220 5.32730273
26.70975488 5.32488234
26.71510755 5.32246477
26.72046023 5.32005009
26.72581291 5.31763838
26.73116558 5.31522972
26.73651826 5.31282419
26.74187094 5.31042188
26.74722361 5.30802286
26.75257629 5.30562722
26.75792896 5.30323504
26.76328164 5.30084640
26.76863432 5.29846138
26.77398699 5.29608006
26.77933967 5.29370252
26.78469235 5.29132884
26.79004502 5.28895911
26.79539770 5.28659341
26.80075038 5.28423181
26.80610305 5.28187441
26.81145573 5.27952127
26.81680840 5.27717248
26.82216108 5.27482812
26.82751376 5.27248828
26.83286643 5.27015303
26.83821911 5.26782246
26.84357179 5.26549664
26.84892446 5.26317566
26.85427714 5.26085960
26.85962981 5.25854854
26.86498249 5.25624256
26.87033517 5.25394174
26.87568784 5.25164617
26.88104052 5.24935592
26.88639320 5.24707108
26.89174587 5.24479172
26.89709855 5.24251793
26.90245123 5.24024979
26.90780390 5.23798739
26.91315658 5.23573079
26.91850925 5.23348008
26.92386193 5.23123535
26.92921461 5.22899668
26.93456728 5.22676414
26.93991996 5.22453782
26.94527264 5.22231779
26.95062531 5.22010415
26.95597799 5.21789697
26.96133067 5.21569633
26.96668334 5.21350231
26.97203602 5.21131500
26.97738869 5.20913447
26.98274137 5.20696081
26.98809405 5.20479409
26.99344672 5.20263441
26.99879940 5.20048184
27.00415208 5.19833626
27.00950475 5.19619606
27.01485743 5.19405887
27.02021011 5.19192234
27.02556278 5.18978409
27.03091546 5.18764176
27.03626813 5.18549300
27.04162081 5.18333544
27.04697349 5.18116671
27.05232616 5.17898445
27.05767884 5.17678631
27.06303152 5.17456991
27.06838419 5.17233289
27.07373687 5.17007290
27.07908954 5.16778756
27.08444222 5.16547452
27.08979490 5.16313141
27.09514757 5.16075586
27.10050025 5.15834553
27.10585293 5.15589804
27.11120560 5.15341102
27.11655828 5.15088213
27.12191096 5.14830899
27.12726363 5.14568924
27.13261631 5.14302051
27.13796898 5.14030046
27.14332166 5.13752670
27.14867434 5.13469688
27.15402701 5.13180864
27.15937969 5.12885962
27.16473237 5.12584744
27.17008504 5.12276975
27.17543772 5.11962419
27.18079040 5.11640838
27.18614307 5.11311998
27.19149575 5.10975661
27.19684842 5.10631591
27.20220110 5.10279552
27.20755378 5.09919308
27.21290645 5.09550622
27.21825913 5.09173258
27.22361181 5.08786980
27.22896448 5.08391551
27.23431716 5.07986736
27.23966983 5.07572297
27.24502251 5.07147999
27.25037519 5.06713605
27.25572786 5.06268879
27.26108054 5.05813585
27.26643322 5.05347486
27.27178589 5.04870346
27.27713857 5.04381929
27.28249125 5.03881999
27.28784392 5.03370318
27.29319660 5.02846652
27.29854927 5.02310763
27.30390195 5.01762415
27.30925463 5.01201372
27.31460730 5.00627398
27.31995998 5.00040257
27.32531266 4.99439711
27.33066533 4.98825525
27.33601801 4.98197463
27.34137069 4.97555288
27.34672336 4.96898764
27.35207604 4.96227654
27.35742871 4.95541723
27.36278139 4.94840734
27.36813407 4.94124450
27.37348674 4.93392636
27.37883942 4.92645055
27.38419210 4.91881471
27.38954477 4.91101647
27.39489745 4.90305347
27.40025013 4.89492336
27.40560280 4.88662376
27.41095548 4.87815231
27.41630815 4.86950665
27.42166083 4.86068443
27.42701351 4.85168326
27.43236618 4.84250080
27.43771886 4.83313467
27.44307154 4.82358252
27.44842421 4.81384198
27.45377689 4.80391070
27.45912956 4.79378630
27.46448224 4.78346642
27.46983492 4.77294870
27.47518759 4.76223078
27.48054027 4.75131029
27.48589295 4.74018488
27.49124562 4.72885217
27.49659830 4.71730981
27.50195098 4.70555544
27.50730365 4.69358668
27.51265633 4.68140118
27.51800900 4.66899657
27.52336168 4.65637049
27.52871436 4.64352059
27.53406703 4.63044448
27.53941971 4.61713982
27.54477239 4.60360424
27.55012506 4.58983537
27.55547774 4.57583085
27.56083042 4.56158833
27.56618309 4.54710543
27.57153577 4.53237979
27.57688844 4.51740906
27.58224112 4.50219087
27.58759380 4.48672285
27.59294647 4.47100264
27.59829915 4.45502788
27.60365183 4.43879620
27.60900450 4.42230525
27.61435718 4.40555266
27.61970985 4.38853607
27.62506253 4.37125311
27.63041521 4.35370142
27.63576788 4.33587864
27.64112056 4.31778241
27.64647324 4.29941036
27.65182591 4.28076012
27.65717859 4.26182935
27.66253127 4.24261566
27.66788394 4.22311671
27.67323662 4.20333012
27.67858929 4.18325354
27.68394197 4.16288460
27.68929465 4.14222094
27.69464732 4.12126019
27.70000000 4.10000000
