1.00000000 3.00000000
1.00800400 3.00798181
1.01600800 3.01591932
1.02401201 3.02381269
1.03201601 3.03166206
1.04002001 3.03946756
1.04802401 3.04722935
1.05602801 3.05494756
1.06403202 3.06262235
1.07203602 3.07025385
1.08004002 3.07784222
1.08804402 3.08538759
1.09604802 3.09289010
1.10405203 3.10034991
1.11205603 3.10776715
1.12006003 3.11514198
1.12806403 3.12247453
1.13606803 3.12976494
1.14407204 3.13701337
1.15207604 3.14421996
1.16008004 3.15138484
1.16808404 3.15850817
1.17608804 3.16559009
1.18409205 3.17263074
1.19209605 3.17963026
1.20010005 3.18658881
1.20810405 3.19350652
1.21610805 3.20038354
1.22411206 3.20722001
1.23211606 3.21401608
1.24012006 3.22077189
1.24812406 3.22748758
1.25612806 3.23416330
1.26413207 3.24079919
1.27213607 3.24739540
1.28014007 3.25395207
1.28814407 3.26046935
1.29614807 3.26694737
1.30415208 3.27338629
1.31215608 3.27978624
1.32016008 3.28614737
1.32816408 3.29246983
1.33616808 3.29875375
1.34417209 3.30499929
1.35217609 3.31120659
1.36018009 3.31737578
1.36818409 3.32350702
1.37618809 3.32960045
1.38419210 3.33565621
1.39219610 3.34167445
1.40020010 3.34765531
1.40820410 3.35359893
1.41620810 3.35950547
1.42421211 3.36537505
1.43221611 3.37120783
1.44022011 3.37700396
1.44822411 3.38276356
1.45622811 3.38848680
1.46423212 3.39417381
1.47223612 3.39982473
1.48024012 3.40543972
1.48824412 3.41101891
1.49624812 3.41656245
1.50425213 3.42207048
1.51225613 3.42754315
1.52026013 3.43298061
1.52826413 3.43838298
1.53626813 3.44375043
1.54427214 3.44908308
1.55227614 3.45438110
1.56028014 3.45964462
1.56828414 3.46487378
1.57628814 3.47006873
1.58429215 3.47522961
1.59229615 3.48035657
1.60030015 3.48544975
1.60830415 3.49050930
1.61630815 3.49553535
1.62431216 3.50052806
1.63231616 3.50548757
1.64032016 3.51041401
1.64832416 3.51530755
1.65632816 3.52016831
1.66433217 3.52499644
1.67233617 3.52979209
1.68034017 3.53455541
1.68834417 3.53928653
1.69634817 3.54398559
1.70435218 3.54865275
1.71235618 3.55328815
1.72036018 3.55789193
1.72836418 3.56246424
1.73636818 3.56700521
1.74437219 3.57151500
1.75237619 3.57599374
1.76038019 3.58044159
1.76838419 3.58485868
1.77638819 3.58924516
1.78439220 3.59360118
1.79239620 3.59792687
1.80040020 3.60222239
1.80840420 3.60648786
1.81640820 3.61072345
1.82441221 3.61492930
1.83241621 3.61910554
1.84042021 3.62325232
1.84842421 3.62736978
1.85642821 3.63145808
1.86443222 3.63551735
1.87243622 3.63954774
1.88044022 3.64354939
1.88844422 3.64752245
1.89644822 3.65146705
1.90445223 3.65538335
1.91245623 3.65927149
1.92046023 3.66313160
1.92846423 3.66696385
1.93646823 3.67076836
1.94447224 3.67454529
1.95247624 3.67829477
1.96048024 3.68201696
1.96848424 3.68571199
1.97648824 3.68938002
1.98449225 3.69302117
1.99249625 3.69663561
2.00050025 3.70022347
2.00850425 3.70378488
2.01650825 3.70731993
2.02451226 3.71082871
2.03251626 3.71431129
2.04052026 3.71776777
2.04852426 3.72119821
2.05652826 3.72460271
2.06453227 3.72798134
2.07253627 3.73133419
2.08054027 3.73466134
2.08854427 3.73796286
2.09654827 3.74123884
2.10455228 3.74448937
2.11255628 3.74771452
2.12056028 3.75091438
2.12856428 3.75408902
2.13656828 3.75723854
2.14457229 3.76036300
2.15257629 3.76346250
2.16058029 3.76653711
2.16858429 3.76958692
2.17658829 3.77261200
2.18459230 3.77561245
2.19259630 3.77858833
2.20060030 3.78153974
2.20860430 3.78446675
2.21660830 3.78736945
2.22461231 3.79024792
2.23261631 3.79310224
2.24062031 3.79593248
2.24862431 3.79873875
2.25662831 3.80152110
2.26463232 3.80427963
2.27263632 3.80701442
2.28064032 3.80972555
2.28864432 3.81241311
2.29664832 3.81507716
2.30465233 3.81771780
2.31265633 3.82033511
2.32066033 3.82292916
2.32866433 3.82550005
2.33666833 3.82804784
2.34467234 3.83057263
2.35267634 3.83307450
2.36068034 3.83555352
2.36868434 3.83800978
2.37668834 3.84044336
2.38469235 3.84285434
2.39269635 3.84524281
2.40070035 3.84760884
2.40870435 3.84995252
2.41670835 3.85227393
2.42471236 3.85457315
2.43271636 3.85685026
2.44072036 3.85910534
2.44872436 3.86133848
2.45672836 3.86354976
2.46473237 3.86573925
2.47273637 3.86790705
2.48074037 3.87005323
2.48874437 3.87217787
2.49674837 3.87428106
2.50475238 3.87636287
2.51275638 3.87842340
2.52076038 3.88046271
2.52876438 3.88248090
2.53676838 3.88447804
2.54477239 3.88645422
2.55277639 3.88840952
2.56078039 3.89034401
2.56878439 3.89225779
2.57678839 3.89415093
2.58479240 3.89602351
2.59279640 3.89787562
2.60080040 3.89970734
2.60880440 3.90151874
2.61680840 3.90330992
2.62481241 3.90508095
2.63281641 3.90683192
2.64082041 3.90856290
2.64882441 3.91027398
2.65682841 3.91196524
2.66483242 3.91363676
2.67283642 3.91528862
2.68084042 3.91692091
2.68884442 3.91853371
2.69684842 3.92012709
2.70485243 3.92170115
2.71285643 3.92325595
2.72086043 3.92479159
2.72886443 3.92630814
2.73686843 3.92780570
2.74487244 3.92928432
2.75287644 3.93074411
2.76088044 3.93218514
2.76888444 3.93360750
2.77688844 3.93501126
2.78489245 3.93639650
2.79289645 3.93776332
2.80090045 3.93911179
2.80890445 3.94044198
2.81690845 3.94175399
2.82491246 3.94304790
2.83291646 3.94432378
2.84092046 3.94558173
2.84892446 3.94682181
2.85692846 3.94804412
2.86493247 3.94924873
2.87293647 3.95043572
2.88094047 3.95160518
2.88894447 3.95275719
2.89694847 3.95389184
2.90495248 3.95500919
2.91295648 3.95610934
2.92096048 3.95719236
2.92896448 3.95825835
2.93696848 3.95930737
2.94497249 3.96033951
2.95297649 3.96135485
2.96098049 3.96235348
2.96898449 3.96333548
2.97698849 3.96430092
2.98499250 3.96524989
2.99299650 3.96618248
3.00100050 3.96709875
3.00900450 3.96799880
3.01700850 3.96888271
3.02501251 3.96975056
3.03301651 3.97060242
3.04102051 3.97143839
3.04902451 3.97225854
3.05702851 3.97306295
3.06503252 3.97385171
3.07303652 3.97462490
3.08104052 3.97538260
3.08904452 3.97612489
3.09704852 3.97685185
3.10505253 3.97756357
3.11305653 3.97826012
3.12106053 3.97894159
3.12906453 3.97960807
3.13706853 3.98025962
3.14507254 3.98089634
3.15307654 3.98151830
3.16108054 3.98212559
3.16908454 3.98271829
3.17708854 3.98329648
3.18509255 3.98386024
3.19309655 3.98440966
3.20110055 3.98494481
3.20910455 3.98546577
3.21710855 3.98597264
3.22511256 3.98646548
3.23311656 3.98694439
3.24112056 3.98740944
3.24912456 3.98786072
3.25712856 3.98829831
3.26513257 3.98872228
3.27313657 3.98913272
3.28114057 3.98952972
3.28914457 3.98991335
3.29714857 3.99028370
3.30515258 3.99064084
3.31315658 3.99098486
3.32116058 3.99131585
3.32916458 3.99163387
3.33716858 3.99193902
3.34517259 3.99223138
3.35317659 3.99251102
3.36118059 3.99277804
3.36918459 3.99303250
3.37718859 3.99327450
3.38519260 3.99350411
3.39319660 3.99372142
3.40120060 3.99392650
3.40920460 3.99411945
3.41720860 3.99430034
3.42521261 3.99446925
3.43321661 3.99462626
3.44122061 3.99477146
3.44922461 3.99490493
3.45722861 3.99502675
3.46523262 3.99513700
3.47323662 3.99523576
3.48124062 3.99532312
3.48924462 3.99539915
3.49724862 3.99546394
3.50525263 3.99551757
3.51325663 3.99556013
3.52126063 3.99559169
3.52926463 3.99561233
3.53726863 3.99562214
3.54527264 3.99562119
3.55327664 3.99560958
3.56128064 3.99558738
3.56928464 3.99555467
3.57728864 3.99551154
3.58529265 3.99545807
3.59329665 3.99539433
3.60130065 3.99532042
3.60930465 3.99523640
3.61730865 3.99514237
3.62531266 3.99503841
3.63331666 3.99492459
3.64132066 3.99480100
3.64932466 3.99466772
3.65732866 3.99452484
3.66533267 3.99437242
3.67333667 3.99421057
3.68134067 3.99403935
3.68934467 3.99385885
3.69734867 3.99366915
3.70535268 3.99347033
3.71335668 3.99326248
3.72136068 3.99304567
3.72936468 3.99281999
3.73736868 3.99258552
3.74537269 3.99234235
3.75337669 3.99209054
3.76138069 3.99183019
3.76938469 3.99156137
3.77738869 3.99128417
3.78539270 3.99099867
3.79339670 3.99070496
3.80140070 3.99040310
3.80940470 3.99009319
3.81740870 3.98977531
3.82541271 3.98944953
3.83341671 3.98911594
3.84142071 3.98877463
3.84942471 3.98842567
3.85742871 3.98806914
3.86543272 3.98770513
3.87343672 3.98733372
3.88144072 3.98695498
3.88944472 3.98656901
3.89744872 3.98617588
3.90545273 3.98577568
3.91345673 3.98536848
3.92146073 3.98495438
3.92946473 3.98453344
3.93746873 3.98410575
3.94547274 3.98367140
3.95347674 3.98323046
3.96148074 3.98278302
3.96948474 3.98232916
3.97748874 3.98186896
3.98549275 3.98140250
3.99349675 3.98092986
4.00150075 3.98045113
4.00950475 3.97996638
4.01750875 3.97947571
4.02551276 3.97897918
4.03351676 3.97847689
4.04152076 3.97796891
4.04952476 3.97745533
4.05752876 3.97693622
4.06553277 3.97641167
4.07353677 3.97588177
4.08154077 3.97534658
4.08954477 3.97480620
4.09754877 3.97426071
4.10555278 3.97371018
4.11355678 3.97315470
4.12156078 3.97259436
4.12956478 3.97202922
4.13756878 3.97145938
4.14557279 3.97088492
4.15357679 3.97030591
4.16158079 3.96972244
4.16958479 3.96913460
4.17758879 3.96854245
4.18559280 3.96794610
4.19359680 3.96734560
4.20160080 3.96674106
4.20960480 3.96613254
4.21760880 3.96552014
4.22561281 3.96490393
4.23361681 3.96428399
4.24162081 3.96366041
4.24962481 3.96303327
4.25762881 3.96240265
4.26563282 3.96176862
4.27363682 3.96113129
4.28164082 3.96049071
4.28964482 3.95984699
4.29764882 3.95920019
4.30565283 3.95855040
4.31365683 3.95789770
4.32166083 3.95724218
4.32966483 3.95658391
4.33766883 3.95592298
4.34567284 3.95525947
4.35367684 3.95459345
4.36168084 3.95392502
4.36968484 3.95325426
4.37768884 3.95258123
4.38569285 3.95190604
4.39369685 3.95122875
4.40170085 3.95054946
4.40970485 3.94986823
4.41770885 3.94918516
4.42571286 3.94850033
4.43371686 3.94781381
4.44172086 3.94712569
4.44972486 3.94643605
4.45772886 3.94574497
4.46573287 3.94505254
4.47373687 3.94435884
4.48174087 3.94366394
4.48974487 3.94296793
4.49774887 3.94227089
4.50575288 3.94157290
4.51375688 3.94087405
4.52176088 3.94017441
4.52976488 3.93947407
4.53776888 3.93877311
4.54577289 3.93807161
4.55377689 3.93736965
4.56178089 3.93666732
4.56978489 3.93596470
4.57778889 3.93526186
4.58579290 3.93455889
4.59379690 3.93385587
4.60180090 3.93315289
4.60980490 3.93245001
4.61780890 3.93174734
4.62581291 3.93104494
4.63381691 3.93034291
4.64182091 3.92964131
4.64982491 3.92894024
4.65782891 3.92823977
4.66583292 3.92753999
4.67383692 3.92684098
4.68184092 3.92614282
4.68984492 3.92544559
4.69784892 3.92474937
4.70585293 3.92405424
4.71385693 3.92336030
4.72186093 3.92266761
4.72986493 3.92197626
4.73786893 3.92128633
4.74587294 3.92059791
4.75387694 3.91991107
4.76188094 3.91922590
4.76988494 3.91854248
4.77788894 3.91786089
4.78589295 3.91718121
4.79389695 3.91650352
4.80190095 3.91582791
4.80990495 3.91515446
4.81790895 3.91448324
4.82591296 3.91381435
4.83391696 3.91314785
4.84192096 3.91248385
4.84992496 3.91182240
4.85792896 3.91116361
4.86593297 3.91050754
4.87393697 3.90985428
4.88194097 3.90920392
4.88994497 3.90855653
4.89794897 3.90791219
4.90595298 3.90727100
4.91395698 3.90663302
4.92196098 3.90599834
4.92996498 3.90536705
4.93796898 3.90473922
4.94597299 3.90411494
4.95397699 3.90349428
4.96198099 3.90287733
4.96998499 3.90226418
4.97798899 3.90165489
4.98599300 3.90104956
4.99399700 3.90044827
5.00200100 3.89985110
5.01000500 3.89925844
5.01800900 3.89867127
5.02601301 3.89809065
5.03401701 3.89751762
5.04202101 3.89695325
5.05002501 3.89639857
5.05802901 3.89585465
5.06603302 3.89532253
5.07403702 3.89480327
5.08204102 3.89429792
5.09004502 3.89380752
5.09804902 3.89333314
5.10605303 3.89287583
5.11405703 3.89243662
5.12206103 3.89201659
5.13006503 3.89161677
5.13806903 3.89123822
5.14607304 3.89088200
5.15407704 3.89054915
5.16208104 3.89024072
5.17008504 3.88995778
5.17808904 3.88970136
5.18609305 3.88947252
5.19409705 3.88927232
5.20210105 3.88910180
5.21010505 3.88896202
5.21810905 3.88885403
5.22611306 3.88877888
5.23411706 3.88873761
5.24212106 3.88873130
5.25012506 3.88876098
5.25812906 3.88882770
5.26613307 3.88893252
5.27413707 3.88907650
5.28214107 3.88926068
5.29014507 3.88948611
5.29814907 3.88975385
5.30615308 3.89006494
5.31415708 3.89042045
5.32216108 3.89082142
5.33016508 3.89126890
5.33816908 3.89176394
5.34617309 3.89230761
5.35417709 3.89290094
5.36218109 3.89354499
5.37018509 3.89424081
5.37818909 3.89498946
5.38619310 3.89579198
5.39419710 3.89664943
5.40220110 3.89756286
5.41020510 3.89853332
5.41820910 3.89956187
5.42621311 3.90064955
5.43421711 3.90179741
5.44222111 3.90300652
5.45022511 3.90427791
5.45822911 3.90561264
5.46623312 3.90701177
5.47423712 3.90847635
5.48224112 3.91000742
5.49024512 3.91160604
5.49824912 3.91327326
5.50625313 3.91501013
5.51425713 3.91681771
5.52226113 3.91869704
5.53026513 3.92064918
5.53826913 3.92267518
5.54627314 3.92477609
5.55427714 3.92695297
5.56228114 3.92920685
5.57028514 3.93153881
5.57828914 3.93394989
5.58629315 3.93644113
5.59429715 3.93901360
5.60230115 3.94166834
5.61030515 3.94440640
5.61830915 3.94722885
5.62631316 3.95013672
5.63431716 3.95313107
5.64232116 3.95621296
5.65032516 3.95938343
5.65832916 3.96264354
5.66633317 3.96599433
5.67433717 3.96943687
5.68234117 3.97297219
5.69034517 3.97660136
5.69834917 3.98032543
5.70635318 3.98414544
5.71435718 3.98806245
5.72236118 3.99207751
5.73036518 3.99619167
5.73836918 4.00040599
5.74637319 4.00472151
5.75437719 4.00913929
5.76238119 4.01366038
5.77038519 4.01828583
5.77838919 4.02301669
5.78639320 4.02785402
5.79439720 4.03279887
5.80240120 4.03785228
5.81040520 4.04301531
5.81840920 4.04828902
5.82641321 4.05367445
5.83441721 4.05917265
5.84242121 4.06478468
5.85042521 4.07051159
5.85842921 4.07635443
5.86643322 4.08231426
5.87443722 4.08839212
5.88244122 4.09458906
5.89044522 4.10090614
5.89844922 4.10734441
5.90645323 4.11390493
5.91445723 4.12058873
5.92246123 4.12739688
5.93046523 4.13433043
5.93846923 4.14139043
5.94647324 4.14857792
5.95447724 4.15589397
5.96248124 4.16333962
5.97048524 4.17091593
5.97848924 4.17862395
5.98649325 4.18646472
5.99449725 4.19443931
6.00250125 4.20254874
6.01050525 4.21079305
6.01850925 4.21917063
6.02651326 4.22767971
6.03451726 4.23631852
6.04252126 4.24508529
6.05052526 4.25397826
6.05852926 4.26299566
6.06653327 4.27213571
6.07453727 4.28139666
6.08254127 4.29077673
6.09054527 4.30027415
6.09854927 4.30988717
6.10655328 4.31961401
6.11455728 4.32945290
6.12256128 4.33940208
6.13056528 4.34945978
6.13856928 4.35962423
6.14657329 4.36989366
6.15457729 4.38026630
6.16258129 4.39074040
6.17058529 4.40131417
6.17858929 4.41198586
6.18659330 4.42275369
6.19459730 4.43361590
6.20260130 4.44457072
6.21060530 4.45561638
6.21860930 4.46675112
6.22661331 4.47797316
6.23461731 4.48928074
6.24262131 4.50067209
6.25062531 4.51214545
6.25862931 4.52369904
6.26663332 4.53533110
6.27463732 4.54703986
6.28264132 4.55882355
6.29064532 4.57068041
6.29864932 4.58260867
6.30665333 4.59460656
6.31465733 4.60667230
6.32266133 4.61880415
6.33066533 4.63100032
6.33866933 4.64325905
6.34667334 4.65557857
6.35467734 4.66795711
6.36268134 4.68039292
6.37068534 4.69288421
6.37868934 4.70542922
6.38669335 4.71802618
6.39469735 4.73067333
6.40270135 4.74336890
6.41070535 4.75611112
6.41870935 4.76889822
6.42671336 4.78172844
6.43471736 4.79460000
6.44272136 4.80751114
6.45072536 4.82046010
6.45872936 4.83344510
6.46673337 4.84646438
6.47473737 4.85951616
6.48274137 4.87259869
6.49074537 4.88571019
6.49874937 4.89884890
6.50675338 4.91201304
6.51475738 4.92520086
6.52276138 4.93841058
6.53076538 4.95164043
6.53876938 4.96488866
6.54677339 4.97815348
6.55477739 4.99143313
6.56278139 5.00472585
6.57078539 5.01802987
6.57878939 5.03134342
6.58679340 5.04466472
6.59479740 5.05799203
6.60280140 5.07132356
6.61080540 5.08465754
6.61880940 5.09799222
6.62681341 5.11132583
6.63481741 5.12465658
6.64282141 5.13798273
6.65082541 5.15130250
6.65882941 5.16461412
6.66683342 5.17791582
6.67483742 5.19120584
6.68284142 5.20448242
6.69084542 5.21774377
6.69884942 5.23098814
6.70685343 5.24421375
6.71485743 5.25741885
6.72286143 5.27060166
6.73086543 5.28376041
6.73886943 5.29689333
6.74687344 5.30999867
6.75487744 5.32307465
6.76288144 5.33611949
6.77088544 5.34913145
6.77888944 5.36210874
6.78689345 5.37504961
6.79489745 5.38795227
6.80290145 5.40081497
6.81090545 5.41363594
6.81890945 5.42641341
6.82691346 5.43914561
6.83491746 5.45183077
6.84292146 5.46446713
6.85092546 5.47705292
6.85892946 5.48958637
6.86693347 5.50206572
6.87493747 5.51448919
6.88294147 5.52685502
6.89094547 5.53916143
6.89894947 5.55140668
6.90695348 5.56358897
6.91495748 5.57570656
6.92296148 5.58775767
6.93096548 5.59974052
6.93896948 5.61165336
6.94697349 5.62349442
6.95497749 5.63526193
6.96298149 5.64695412
6.97098549 5.65856923
6.97898949 5.67010548
6.98699350 5.68156111
6.99499750 5.69293435
7.00300150 5.70422345
7.01100550 5.71542757
7.01900950 5.72654708
7.02701351 5.73758247
7.03501751 5.74853423
7.04302151 5.75940283
7.05102551 5.77018875
7.05902951 5.78089248
7.06703352 5.79151450
7.07503752 5.80205528
7.08304152 5.81251531
7.09104552 5.82289506
7.09904952 5.83319503
7.10705353 5.84341569
7.11505753 5.85355751
7.12306153 5.86362099
7.13106553 5.87360661
7.13906953 5.88351484
7.14707354 5.89334616
7.15507754 5.90310106
7.16308154 5.91278002
7.17108554 5.92238352
7.17908954 5.93191203
7.18709355 5.94136605
7.19509755 5.95074604
7.20310155 5.96005250
7.21110555 5.96928590
7.21910955 5.97844673
7.22711356 5.98753546
7.23511756 5.99655258
7.24312156 6.00549856
7.25112556 6.01437389
7.25912956 6.02317905
7.26713357 6.03191452
7.27513757 6.04058078
7.28314157 6.04917832
7.29114557 6.05770760
7.29914957 6.06616912
7.30715358 6.07456336
7.31515758 6.08289079
7.32316158 6.09115189
7.33116558 6.09934716
7.33916958 6.10747706
7.34717359 6.11554208
7.35517759 6.12354270
7.36318159 6.13147941
7.37118559 6.13935267
7.37918959 6.14716298
7.38719360 6.15491082
7.39519760 6.16259665
7.40320160 6.17022098
7.41120560 6.17778427
7.41920960 6.18528701
7.42721361 6.19272968
7.43521761 6.20011276
7.44322161 6.20743673
7.45122561 6.21470208
7.45922961 6.22190927
7.46723362 6.22905880
7.47523762 6.23615115
7.48324162 6.24318679
7.49124562 6.25016621
7.49924962 6.25708988
7.50725363 6.26395830
7.51525763 6.27077193
7.52326163 6.27753127
7.53126563 6.28423679
7.53926963 6.29088896
7.54727364 6.29748829
7.55527764 6.30403524
7.56328164 6.31053029
7.57128564 6.31697393
7.57928964 6.32336664
7.58729365 6.32970889
7.59529765 6.33600118
7.60330165 6.34224397
7.61130565 6.34843776
7.61930965 6.35458302
7.62731366 6.36068023
7.63531766 6.36672988
7.64332166 6.37273244
7.65132566 6.37868840
7.65932966 6.38459823
7.66733367 6.39046243
7.67533767 6.39628146
7.68334167 6.40205581
7.69134567 6.40778596
7.69934967 6.41347240
7.70735368 6.41911560
7.71535768 6.42471604
7.72336168 6.43027421
7.73136568 6.43579058
7.73936968 6.44126564
7.74737369 6.44669987
7.75537769 6.45209375
7.76338169 6.45744775
7.77138569 6.46276237
7.77938969 6.46803808
7.78739370 6.47327536
7.79539770 6.47847469
7.80340170 6.48363656
7.81140570 6.48876144
7.81940970 6.49384983
7.82741371 6.49890218
7.83541771 6.50391900
7.84342171 6.50890076
7.85142571 6.51384793
7.85942971 6.51876101
7.86743372 6.52364047
7.87543772 6.52848679
7.88344172 6.53330046
7.89144572 6.53808195
7.89944972 6.54283175
7.90745373 6.54755034
7.91545773 6.55223819
7.92346173 6.55689579
7.93146573 6.56152363
7.93946973 6.56612217
7.94747374 6.57069190
7.95547774 6.57523331
7.96348174 6.57974688
7.97148574 6.58423307
7.97948974 6.58869238
7.98749375 6.59312529
7.99549775 6.59753228
8.00350175 6.60191382
8.01150575 6.60627021
8.01950975 6.61060153
8.02751376 6.61490787
8.03551776 6.61918928
8.04352176 6.62344585
8.05152576 6.62767765
8.05952976 6.63188476
8.06753377 6.63606724
8.07553777 6.64022517
8.08354177 6.64435862
8.09154577 6.64846767
8.09954977 6.65255239
8.10755378 6.65661286
8.11555778 6.66064914
8.12356178 6.66466132
8.13156578 6.66864946
8.13956978 6.67261364
8.14757379 6.67655393
8.15557779 6.68047041
8.16358179 6.68436315
8.17158579 6.68823222
8.17958979 6.69207770
8.18759380 6.69589966
8.19559780 6.69969817
8.20360180 6.70347331
8.21160580 6.70722515
8.21960980 6.71095377
8.22761381 6.71465924
8.23561781 6.71834162
8.24362181 6.72200101
8.25162581 6.72563746
8.25962981 6.72925105
8.26763382 6.73284186
8.27563782 6.73640996
8.28364182 6.73995543
8.29164582 6.74347833
8.29964982 6.74697874
8.30765383 6.75045674
8.31565783 6.75391239
8.32366183 6.75734578
8.33166583 6.76075697
8.33966983 6.76414604
8.34767384 6.76751306
8.35567784 6.77085811
8.36368184 6.77418126
8.37168584 6.77748258
8.37968984 6.78076215
8.38769385 6.78402003
8.39569785 6.78725631
8.40370185 6.79047106
8.41170585 6.79366435
8.41970985 6.79683626
8.42771386 6.79998685
8.43571786 6.80311621
8.44372186 6.80622440
8.45172586 6.80931149
8.45972986 6.81237758
8.46773387 6.81542271
8.47573787 6.81844698
8.48374187 6.82145045
8.49174587 6.82443320
8.49974987 6.82739530
8.50775388 6.83033682
8.51575788 6.83325784
8.52376188 6.83615843
8.53176588 6.83903867
8.53976988 6.84189862
8.54777389 6.84473837
8.55577789 6.84755798
8.56378189 6.85035754
8.57178589 6.85313710
8.57978989 6.85589675
8.58779390 6.85863656
8.59579790 6.86135661
8.60380190 6.86405696
8.61180590 6.86673770
8.61980990 6.86939888
8.62781391 6.87204060
8.63581791 6.87466292
8.64382191 6.87726591
8.65182591 6.87984965
8.65982991 6.88241422
8.66783392 6.88495968
8.67583792 6.88748611
8.68384192 6.88999358
8.69184592 6.89248217
8.69984992 6.89495195
8.70785393 6.89740299
8.71585793 6.89983538
8.72386193 6.90224917
8.73186593 6.90464445
8.73986993 6.90702128
8.74787394 6.90937975
8.75587794 6.91171992
8.76388194 6.91404188
8.77188594 6.91634568
8.77988994 6.91863141
8.78789395 6.92089914
8.79589795 6.92314895
8.80390195 6.92538090
8.81190595 6.92759507
8.81990995 6.92979154
8.82791396 6.93197037
8.83591796 6.93413165
8.84392196 6.93627544
8.85192596 6.93840182
8.85992996 6.94051086
8.86793397 6.94260264
8.87593797 6.94467723
8.88394197 6.94673470
8.89194597 6.94877513
8.89994997 6.95079859
8.90795398 6.95280515
8.91595798 6.95479488
8.92396198 6.95676787
8.93196598 6.95872419
8.93996998 6.96066390
8.94797399 6.96258708
8.95597799 6.96449381
8.96398199 6.96638416
8.97198599 6.96825820
8.97998999 6.97011601
8.98799400 6.97195766
8.99599800 6.97378322
9.00400200 6.97559276
9.01200600 6.97738637
9.02001001 6.97916411
9.02801401 6.98092606
9.03601801 6.98267229
9.04402201 6.98440288
9.05202601 6.98611789
9.06003002 6.98781741
9.06803402 6.98950150
9.07603802 6.99117024
9.08404202 6.99282370
9.09204602 6.99446196
9.10005003 6.99608509
9.10805403 6.99769317
9.11605803 6.99928626
9.12406203 7.00086444
9.13206603 7.00242779
9.14007004 7.00397637
9.14807404 7.00551027
9.15607804 7.00702955
9.16408204 7.00853429
9.17208604 7.01002456
9.18009005 7.01150044
9.18809405 7.01296200
9.19609805 7.01440931
9.20410205 7.01584244
9.21210605 7.01726148
9.22011006 7.01866649
9.22811406 7.02005755
9.23611806 7.02143473
9.24412206 7.02279811
9.25212606 7.02414775
9.26013007 7.02548374
9.26813407 7.02680614
9.27613807 7.02811503
9.28414207 7.02941048
9.29214607 7.03069257
9.30015008 7.03196137
9.30815408 7.03321695
9.31615808 7.03445939
9.32416208 7.03568876
9.33216608 7.03690513
9.34017009 7.03810858
9.34817409 7.03929919
9.35617809 7.04047701
9.36418209 7.04164214
9.37218609 7.04279464
9.38019010 7.04393459
9.38819410 7.04506205
9.39619810 7.04617711
9.40420210 7.04727983
9.41220610 7.04837029
9.42021011 7.04944857
9.42821411 7.05051474
9.43621811 7.05156886
9.44422211 7.05261102
9.45222611 7.05364129
9.46023012 7.05465974
9.46823412 7.05566645
9.47623812 7.05666148
9.48424212 7.05764492
9.49224612 7.05861683
9.50025013 7.05957729
9.50825413 7.06052638
9.51625813 7.06146416
9.52426213 7.06239071
9.53226613 7.06330611
9.54027014 7.06421043
9.54827414 7.06510373
9.55627814 7.06598610
9.56428214 7.06685761
9.57228614 7.06771833
9.58029015 7.06856834
9.58829415 7.06940771
9.59629815 7.07023650
9.60430215 7.07105481
9.61230615 7.07186269
9.62031016 7.07266023
9.62831416 7.07344750
9.63631816 7.07422457
9.64432216 7.07499151
9.65232616 7.07574840
9.66033017 7.07649531
9.66833417 7.07723231
9.67633817 7.07795949
9.68434217 7.07867690
9.69234617 7.07938464
9.70035018 7.08008276
9.70835418 7.08077134
9.71635818 7.08145046
9.72436218 7.08212020
9.73236618 7.08278061
9.74037019 7.08343179
9.74837419 7.08407379
9.75637819 7.08470670
9.76438219 7.08533059
9.77238619 7.08594553
9.78039020 7.08655159
9.78839420 7.08714885
9.79639820 7.08773739
9.80440220 7.08831727
9.81240620 7.08888858
9.82041021 7.08945137
9.82841421 7.09000573
9.83641821 7.09055174
9.84442221 7.09108945
9.85242621 7.09161896
9.86043022 7.09214033
9.86843422 7.09265363
9.87643822 7.09315894
9.88444222 7.09365633
9.89244622 7.09414588
9.90045023 7.09462765
9.90845423 7.09510173
9.91645823 7.09556819
9.92446223 7.09602710
9.93246623 7.09647853
9.94047024 7.09692256
9.94847424 7.09735925
9.95647824 7.09778870
9.96448224 7.09821096
9.97248624 7.09862611
9.98049025 7.09903423
9.98849425 7.09943539
9.99649825 7.09982965
10.00450225 7.10021711
10.01250625 7.10059777
10.02051026 7.10097164
10.02851426 7.10133871
10.03651826 7.10169897
10.04452226 7.10205242
10.05252626 7.10239903
10.06053027 7.10273881
10.06853427 7.10307176
10.07653827 7.10339785
10.08454227 7.10371709
10.09254627 7.10402946
10.10055028 7.10433495
10.10855428 7.10463357
10.11655828 7.10492530
10.12456228 7.10521013
10.13256628 7.10548806
10.14057029 7.10575908
10.14857429 7.10602318
10.15657829 7.10628035
10.16458229 7.10653058
10.17258629 7.10677387
10.18059030 7.10701021
10.18859430 7.10723959
10.19659830 7.10746200
10.20460230 7.10767744
10.21260630 7.10788589
10.22061031 7.10808736
10.22861431 7.10828182
10.23661831 7.10846928
10.24462231 7.10864973
10.25262631 7.10882315
10.26063032 7.10898954
10.26863432 7.10914890
10.27663832 7.10930120
10.28464232 7.10944646
10.29264632 7.10958465
10.30065033 7.10971578
10.30865433 7.10983983
10.31665833 7.10995679
10.32466233 7.11006666
10.33266633 7.11016943
10.34067034 7.11026509
10.34867434 7.11035363
10.35667834 7.11043505
10.36468234 7.11050934
10.37268634 7.11057649
10.38069035 7.11063649
10.38869435 7.11068933
10.39669835 7.11073501
10.40470235 7.11077352
10.41270635 7.11080485
10.42071036 7.11082899
10.42871436 7.11084593
10.43671836 7.11085568
10.44472236 7.11085821
10.45272636 7.11085352
10.46073037 7.11084161
10.46873437 7.11082246
10.47673837 7.11079607
10.48474237 7.11076243
10.49274637 7.11072154
10.50075038 7.11067337
10.50875438 7.11061794
10.51675838 7.11055522
10.52476238 7.11048521
10.53276638 7.11040790
10.54077039 7.11032329
10.54877439 7.11023137
10.55677839 7.11013212
10.56478239 7.11002555
10.57278639 7.10991164
10.58079040 7.10979038
10.58879440 7.10966177
10.59679840 7.10952581
10.60480240 7.10938247
10.61280640 7.10923176
10.62081041 7.10907366
10.62881441 7.10890817
10.63681841 7.10873529
10.64482241 7.10855499
10.65282641 7.10836728
10.66083042 7.10817215
10.66883442 7.10796959
10.67683842 7.10775958
10.68484242 7.10754213
10.69284642 7.10731723
10.70085043 7.10708486
10.70885443 7.10684502
10.71685843 7.10659771
10.72486243 7.10634291
10.73286643 7.10608061
10.74087044 7.10581081
10.74887444 7.10553351
10.75687844 7.10524868
10.76488244 7.10495633
10.77288644 7.10465645
10.78089045 7.10434902
10.78889445 7.10403405
10.79689845 7.10371152
10.80490245 7.10338142
10.81290645 7.10304375
10.82091046 7.10269851
10.82891446 7.10234567
10.83691846 7.10198524
10.84492246 7.10161720
10.85292646 7.10124155
10.86093047 7.10085828
10.86893447 7.10046739
10.87693847 7.10006885
10.88494247 7.09966268
10.89294647 7.09924885
10.90095048 7.09882737
10.90895448 7.09839821
10.91695848 7.09796139
10.92496248 7.09751688
10.93296648 7.09706468
10.94097049 7.09660478
10.94897449 7.09613717
10.95697849 7.09566185
10.96498249 7.09517881
10.97298649 7.09468804
10.98099050 7.09418953
10.98899450 7.09368328
10.99699850 7.09316927
11.00500250 7.09264750
11.01300650 7.09211796
11.02101051 7.09158064
11.02901451 7.09103554
11.03701851 7.09048265
11.04502251 7.08992196
11.05302651 7.08935345
11.06103052 7.08877713
11.06903452 7.08819299
11.07703852 7.08760101
11.08504252 7.08700120
11.09304652 7.08639354
11.10105053 7.08577802
11.10905453 7.08515463
11.11705853 7.08452338
11.12506253 7.08388425
11.13306653 7.08323723
11.14107054 7.08258231
11.14907454 7.08191949
11.15707854 7.08124876
11.16508254 7.08057012
11.17308654 7.07988354
11.18109055 7.07918903
11.18909455 7.07848658
11.19709855 7.07777618
11.20510255 7.07705782
11.21310655 7.07633150
11.22111056 7.07559720
11.22911456 7.07485492
11.23711856 7.07410465
11.24512256 7.07334638
11.25312656 7.07258011
11.26113057 7.07180583
11.26913457 7.07102352
11.27713857 7.07023319
11.28514257 7.06943482
11.29314657 7.06862840
11.30115058 7.06781393
11.30915458 7.06699141
11.31715858 7.06616081
11.32516258 7.06532214
11.33316658 7.06447538
11.34117059 7.06362054
11.34917459 7.06275759
11.35717859 7.06188654
11.36518259 7.06100737
11.37318659 7.06012008
11.38119060 7.05922465
11.38919460 7.05832109
11.39719860 7.05740938
11.40520260 7.05648952
11.41320660 7.05556149
11.42121061 7.05462530
11.42921461 7.05368092
11.43721861 7.05272836
11.44522261 7.05176761
11.45322661 7.05079865
11.46123062 7.04982149
11.46923462 7.04883611
11.47723862 7.04784250
11.48524262 7.04684066
11.49324662 7.04583057
11.50125063 7.04481224
11.50925463 7.04378566
11.51725863 7.04275080
11.52526263 7.04170768
11.53326663 7.04065627
11.54127064 7.03959658
11.54927464 7.03852859
11.55727864 7.03745230
11.56528264 7.03636769
11.57328664 7.03527477
11.58129065 7.03417351
11.58929465 7.03306393
11.59729865 7.03194599
11.60530265 7.03081971
11.61330665 7.02968507
11.62131066 7.02854206
11.62931466 7.02739068
11.63731866 7.02623091
11.64532266 7.02506276
11.65332666 7.02388620
11.66133067 7.02270124
11.66933467 7.02150787
11.67733867 7.02030607
11.68534267 7.01909584
11.69334667 7.01787718
11.70135068 7.01665007
11.70935468 7.01541451
11.71735868 7.01417048
11.72536268 7.01291799
11.73336668 7.01165702
11.74137069 7.01038757
11.74937469 7.00910962
11.75737869 7.00782317
11.76538269 7.00652821
11.77338669 7.00522474
11.78139070 7.00391274
11.78939470 7.00259221
11.79739870 7.00126314
11.80540270 6.99992553
11.81340670 6.99857935
11.82141071 6.99722462
11.82941471 6.99586131
11.83741871 6.99448943
11.84542271 6.99310895
11.85342671 6.99171988
11.86143072 6.99032221
11.86943472 6.98891593
11.87743872 6.98750103
11.88544272 6.98607750
11.89344672 6.98464534
11.90145073 6.98320454
11.90945473 6.98175509
11.91745873 6.98029698
11.92546273 6.97883020
11.93346673 6.97735475
11.94147074 6.97587062
11.94947474 6.97437780
11.95747874 6.97287628
11.96548274 6.97136606
11.97348674 6.96984712
11.98149075 6.96831946
11.98949475 6.96678308
11.99749875 6.96523796
12.00550275 6.96368409
12.01350675 6.96212147
12.02151076 6.96055009
12.02951476 6.95896995
12.03751876 6.95738102
12.04552276 6.95578332
12.05352676 6.95417682
12.06153077 6.95256152
12.06953477 6.95093742
12.07753877 6.94930450
12.08554277 6.94766276
12.09354677 6.94601219
12.10155078 6.94435277
12.10955478 6.94268452
12.11755878 6.94100740
12.12556278 6.93932143
12.13356678 6.93762658
12.14157079 6.93592286
12.14957479 6.93421025
12.15757879 6.93248875
12.16558279 6.93075834
12.17358679 6.92901903
12.18159080 6.92727080
12.18959480 6.92551364
12.19759880 6.92374755
12.20560280 6.92197252
12.21360680 6.92018854
12.22161081 6.91839561
12.22961481 6.91659371
12.23761881 6.91478283
12.24562281 6.91296298
12.25362681 6.91113414
12.26163082 6.90929630
12.26963482 6.90744946
12.27763882 6.90559361
12.28564282 6.90372874
12.29364682 6.90185484
12.30165083 6.89997190
12.30965483 6.89807992
12.31765883 6.89617889
12.32566283 6.89426880
12.33366683 6.89234965
12.34167084 6.89042142
12.34967484 6.88848411
12.35767884 6.88653770
12.36568284 6.88458220
12.37368684 6.88261760
12.38169085 6.88064388
12.38969485 6.87866103
12.39769885 6.87666906
12.40570285 6.87466795
12.41370685 6.87265770
12.42171086 6.87063829
12.42971486 6.86860972
12.43771886 6.86657198
12.44572286 6.86452506
12.45372686 6.86246896
12.46173087 6.86040367
12.46973487 6.85832918
12.47773887 6.85624548
12.48574287 6.85415256
12.49374687 6.85205042
12.50175088 6.84993904
12.50975488 6.84781843
12.51775888 6.84568857
12.52576288 6.84354945
12.53376688 6.84140107
12.54177089 6.83924342
12.54977489 6.83707649
12.55777889 6.83490027
12.56578289 6.83271476
12.57378689 6.83051994
12.58179090 6.82831582
12.58979490 6.82610238
12.59779890 6.82387960
12.60580290 6.82164750
12.61380690 6.81940605
12.62181091 6.81715526
12.62981491 6.81489510
12.63781891 6.81262558
12.64582291 6.81034669
12.65382691 6.80805842
12.66183092 6.80576075
12.66983492 6.80345369
12.67783892 6.80113723
12.68584292 6.79881135
12.69384692 6.79647605
12.70185093 6.79413132
12.70985493 6.79177716
12.71785893 6.78941355
12.72586293 6.78704049
12.73386693 6.78465797
12.74187094 6.78226598
12.74987494 6.77986452
12.75787894 6.77745357
12.76588294 6.77503313
12.77388694 6.77260320
12.78189095 6.77016375
12.78989495 6.76771479
12.79789895 6.76525631
12.80590295 6.76278830
12.81390695 6.76031074
12.82191096 6.75782364
12.82991496 6.75532699
12.83791896 6.75282078
12.84592296 6.75030499
12.85392696 6.74777963
12.86193097 6.74524468
12.86993497 6.74270014
12.87793897 6.74014599
12.88594297 6.73758224
12.89394697 6.73500887
12.90195098 6.73242587
12.90995498 6.72983324
12.91795898 6.72723097
12.92596298 6.72461905
12.93396698 6.72199748
12.94197099 6.71936624
12.94997499 6.71672533
12.95797899 6.71407473
12.96598299 6.71141445
12.97398699 6.70874448
12.98199100 6.70606480
12.98999500 6.70337541
12.99799900 6.70067630
13.00600300 6.69796746
13.01400700 6.69524891
13.02201101 6.69252066
13.03001501 6.68978273
13.03801901 6.68703513
13.04602301 6.68427789
13.05402701 6.68151102
13.06203102 6.67873455
13.07003502 6.67594848
13.07803902 6.67315283
13.08604302 6.67034763
13.09404702 6.66753289
13.10205103 6.66470863
13.11005503 6.66187486
13.11805903 6.65903161
13.12606303 6.65617888
13.13406703 6.65331671
13.14207104 6.65044510
13.15007504 6.64756408
13.15807904 6.64467366
13.16608304 6.64177386
13.17408704 6.63886469
13.18209105 6.63594619
13.19009505 6.63301835
13.19809905 6.63008120
13.20610305 6.62713476
13.21410705 6.62417905
13.22211106 6.62121408
13.23011506 6.61823987
13.23811906 6.61525644
13.24612306 6.61226381
13.25412706 6.60926199
13.26213107 6.60625100
13.27013507 6.60323086
13.27813907 6.60020159
13.28614307 6.59716320
13.29414707 6.59411572
13.30215108 6.59105915
13.31015508 6.58799353
13.31815908 6.58491885
13.32616308 6.58183515
13.33416708 6.57874244
13.34217109 6.57564074
13.35017509 6.57253007
13.35817909 6.56941044
13.36618309 6.56628186
13.37418709 6.56314437
13.38219110 6.55999798
13.39019510 6.55684270
13.39819910 6.55367855
13.40620310 6.55050555
13.41420710 6.54732372
13.42221111 6.54413307
13.43021511 6.54093362
13.43821911 6.53772540
13.44622311 6.53450841
13.45422711 6.53128268
13.46223112 6.52804822
13.47023512 6.52480506
13.47823912 6.52155320
13.48624312 6.51829267
13.49424712 6.51502348
13.50225113 6.51174565
13.51025513 6.50845920
13.51825913 6.50516415
13.52626313 6.50186051
13.53426713 6.49854831
13.54227114 6.49522756
13.55027514 6.49189827
13.55827914 6.48856047
13.56628314 6.48521417
13.57428714 6.48185939
13.58229115 6.47849615
13.59029515 6.47512446
13.59829915 6.47174435
13.60630315 6.46835583
13.61430715 6.46495892
13.62231116 6.46155364
13.63031516 6.45814000
13.63831916 6.45471802
13.64632316 6.45128772
13.65432716 6.44784912
13.66233117 6.44440223
13.67033517 6.44094708
13.67833917 6.43748367
13.68634317 6.43401204
13.69434717 6.43053218
13.70235118 6.42704414
13.71035518 6.42354791
13.71835918 6.42004352
13.72636318 6.41653099
13.73436718 6.41301033
13.74237119 6.40948156
13.75037519 6.40594470
13.75837919 6.40239977
13.76638319 6.39884679
13.77438719 6.39528576
13.78239120 6.39171672
13.79039520 6.38813967
13.79839920 6.38455464
13.80640320 6.38096164
13.81440720 6.37736069
13.82241121 6.37375181
13.83041521 6.37013501
13.83841921 6.36651032
13.84642321 6.36287775
13.85442721 6.35923732
13.86243122 6.35558904
13.87043522 6.35193294
13.87843922 6.34826903
13.88644322 6.34459733
13.89444722 6.34091786
13.90245123 6.33723063
13.91045523 6.33353567
13.91845923 6.32983298
13.92646323 6.32612259
13.93446723 6.32240452
13.94247124 6.31867878
13.95047524 6.31494539
13.95847924 6.31120437
13.96648324 6.30745574
13.97448724 6.30369951
13.98249125 6.29993570
13.99049525 6.29616433
13.99849925 6.29238542
14.00650325 6.28859898
14.01450725 6.28480503
14.02251126 6.28100360
14.03051526 6.27719469
14.03851926 6.27337832
14.04652326 6.26955452
14.05452726 6.26572330
14.06253127 6.26188468
14.07053527 6.25803867
14.07853927 6.25418530
14.08654327 6.25032457
14.09454727 6.24645652
14.10255128 6.24258115
14.11055528 6.23869849
14.11855928 6.23480855
14.12656328 6.23091135
14.13456728 6.22700690
14.14257129 6.22309523
14.15057529 6.21917635
14.15857929 6.21525029
14.16658329 6.21131704
14.17458729 6.20737665
14.18259130 6.20342912
14.19059530 6.19947447
14.19859930 6.19551271
14.20660330 6.19154388
14.21460730 6.18756798
14.22261131 6.18358502
14.23061531 6.17959504
14.23861931 6.17559805
14.24662331 6.17159405
14.25462731 6.16758309
14.26263132 6.16356516
14.27063532 6.15954028
14.27863932 6.15550849
14.28664332 6.15146978
14.29464732 6.14742419
14.30265133 6.14337172
14.31065533 6.13931240
14.31865933 6.13524625
14.32666333 6.13117327
14.33466733 6.12709349
14.34267134 6.12300693
14.35067534 6.11891361
14.35867934 6.11481353
14.36668334 6.11070672
14.37468734 6.10659321
14.38269135 6.10247299
14.39069535 6.09834610
14.39869935 6.09421255
14.40670335 6.09007236
14.41470735 6.08592554
14.42271136 6.08177211
14.43071536 6.07761210
14.43871936 6.07344551
14.44672336 6.06927237
14.45472736 6.06509269
14.46273137 6.06090650
14.47073537 6.05671380
14.47873937 6.05251462
14.48674337 6.04830898
14.49474737 6.04409688
14.50275138 6.03987836
14.51075538 6.03565342
14.51875938 6.03142209
14.52676338 6.02718438
14.53476738 6.02294031
14.54277139 6.01868990
14.55077539 6.01443317
14.55877939 6.01017013
14.56678339 6.00590080
14.57478739 6.00162520
14.58279140 5.99734334
14.59079540 5.99305525
14.59879940 5.98876094
14.60680340 5.98446043
14.61480740 5.98015374
14.62281141 5.97584088
14.63081541 5.97152187
14.63881941 5.96719673
14.64682341 5.96286548
14.65482741 5.95852814
14.66283142 5.95418472
14.67083542 5.94983524
14.67883942 5.94547972
14.68684342 5.94111817
14.69484742 5.93675062
14.70285143 5.93237708
14.71085543 5.92799757
14.71885943 5.92361210
14.72686343 5.91922070
14.73486743 5.91482338
14.74287144 5.91042016
14.75087544 5.90601106
14.75887944 5.90159610
14.76688344 5.89717528
14.77488744 5.89274864
14.78289145 5.88831618
14.79089545 5.88387793
14.79889945 5.87943390
14.80690345 5.87498412
14.81490745 5.87052859
14.82291146 5.86606734
14.83091546 5.86160038
14.83891946 5.85712774
14.84692346 5.85264942
14.85492746 5.84816545
14.86293147 5.84367584
14.87093547 5.83918062
14.87893947 5.83467980
14.88694347 5.83017339
14.89494747 5.82566142
14.90295148 5.82114391
14.91095548 5.81662086
14.91895948 5.81209230
14.92696348 5.80755825
14.93496748 5.80301872
14.94297149 5.79847374
14.95097549 5.79392331
14.95897949 5.78936746
14.96698349 5.78480620
14.97498749 5.78023955
14.98299150 5.77566754
14.99099550 5.77109017
14.99899950 5.76650746
15.00700350 5.76191944
15.01500750 5.75732612
15.02301151 5.75272752
15.03101551 5.74812365
15.03901951 5.74351454
15.04702351 5.73890019
15.05502751 5.73428064
15.06303152 5.72965589
15.07103552 5.72502596
15.07903952 5.72039088
15.08704352 5.71575066
15.09504752 5.71110531
15.10305153 5.70645486
15.11105553 5.70179932
15.11905953 5.69713871
15.12706353 5.69247305
15.13506753 5.68780235
15.14307154 5.68312663
15.15107554 5.67844592
15.15907954 5.67376022
15.16708354 5.66906956
15.17508754 5.66437396
15.18309155 5.65967342
15.19109555 5.65496798
15.19909955 5.65025764
15.20710355 5.64554242
15.21510755 5.64082235
15.22311156 5.63609743
15.23111556 5.63136770
15.23911956 5.62663315
15.24712356 5.62189382
15.25512756 5.61714973
15.26313157 5.61240087
15.27113557 5.60764729
15.27913957 5.60288899
15.28714357 5.59812598
15.29514757 5.59335830
15.30315158 5.58858595
15.31115558 5.58380896
15.31915958 5.57902734
15.32716358 5.57424111
15.33516758 5.56945028
15.34317159 5.56465488
15.35117559 5.55985492
15.35917959 5.55505042
15.36718359 5.55024140
15.37518759 5.54542787
15.38319160 5.54060986
15.39119560 5.53578738
15.39919960 5.53096044
15.40720360 5.52612907
15.41520760 5.52129329
15.42321161 5.51645310
15.43121561 5.51160854
15.43921961 5.50675961
15.44722361 5.50190633
15.45522761 5.49704873
15.46323162 5.49218682
15.47123562 5.48732061
15.47923962 5.48245013
15.48724362 5.47757539
15.49524762 5.47269641
15.50325163 5.46781321
15.51125563 5.46292581
15.51925963 5.45803421
15.52726363 5.45313845
15.53526763 5.44823854
15.54327164 5.44333449
15.55127564 5.43842633
15.55927964 5.43351407
15.56728364 5.42859773
15.57528764 5.42367732
15.58329165 5.41875287
15.59129565 5.41382439
15.59929965 5.40889190
15.60730365 5.40395542
15.61530765 5.39901496
15.62331166 5.39407055
15.63131566 5.38912220
15.63931966 5.38416992
15.64732366 5.37921374
15.65532766 5.37425368
15.66333167 5.36928974
15.67133567 5.36432195
15.67933967 5.35935034
15.68734367 5.35437490
15.69534767 5.34939567
15.70335168 5.34441265
15.71135568 5.33942588
15.71935968 5.33443535
15.72736368 5.32944110
15.73536768 5.32444314
15.74337169 5.31944149
15.75137569 5.31443617
15.75937969 5.30942718
15.76738369 5.30441456
15.77538769 5.29939832
15.78339170 5.29437847
15.79139570 5.28935503
15.79939970 5.28432803
15.80740370 5.27929748
15.81540770 5.27426339
15.82341171 5.26922579
15.83141571 5.26418469
15.83941971 5.25914011
15.84742371 5.25409206
15.85542771 5.24904058
15.86343172 5.24398566
15.87143572 5.23892734
15.87943972 5.23386562
15.88744372 5.22880053
15.89544772 5.22373208
15.90345173 5.21866029
15.91145573 5.21358519
15.91945973 5.20850678
15.92746373 5.20342508
15.93546773 5.19834011
15.94347174 5.19325190
15.95147574 5.18816045
15.95947974 5.18306578
15.96748374 5.17796792
15.97548774 5.17286688
15.98349175 5.16776268
15.99149575 5.16265533
15.99949975 5.15754485
16.00750375 5.15243127
16.01550775 5.14731459
16.02351176 5.14219484
16.03151576 5.13707203
16.03951976 5.13194619
16.04752376 5.12681732
16.05552776 5.12168545
16.06353177 5.11655060
16.07153577 5.11141278
16.07953977 5.10627200
16.08754377 5.10112830
16.09554777 5.09598168
16.10355178 5.09083216
16.11155578 5.08567976
16.11955978 5.08052450
16.12756378 5.07536640
16.13556778 5.07020547
16.14357179 5.06504173
16.15157579 5.05987520
16.15957979 5.05470589
16.16758379 5.04953383
16.17558779 5.04435903
16.18359180 5.03918151
16.19159580 5.03400129
16.19959980 5.02881838
16.20760380 5.02363281
16.21560780 5.01844458
16.22361181 5.01325373
16.23161581 5.00806025
16.23961981 5.00286419
16.24762381 4.99766554
16.25562781 4.99246433
16.26363182 4.98726057
16.27163582 4.98205429
16.27963982 4.97684550
16.28764382 4.97163422
16.29564782 4.96642047
16.30365183 4.96120426
16.31165583 4.95598561
16.31965983 4.95076455
16.32766383 4.94554108
16.33566783 4.94031522
16.34367184 4.93508700
16.35167584 4.92985643
16.35967984 4.92462353
16.36768384 4.91938831
16.37568784 4.91415079
16.38369185 4.90891100
16.39169585 4.90366894
16.39969985 4.89842465
16.40770385 4.89317812
16.41570785 4.88792939
16.42371186 4.88267846
16.43171586 4.87742537
16.43971986 4.87217011
16.44772386 4.86691272
16.45572786 4.86165321
16.46373187 4.85639160
16.47173587 4.85112791
16.47973987 4.84586214
16.48774387 4.84059433
16.49574787 4.83532448
16.50375188 4.83005263
16.51175588 4.82477877
16.51975988 4.81950294
16.52776388 4.81422514
16.53576788 4.80894540
16.54377189 4.80366374
16.55177589 4.79838017
16.55977989 4.79309470
16.56778389 4.78780737
16.57578789 4.78251818
16.58379190 4.77722715
16.59179590 4.77193430
16.59979990 4.76663966
16.60780390 4.76134322
16.61580790 4.75604502
16.62381191 4.75074507
16.63181591 4.74544339
16.63981991 4.74014000
16.64782391 4.73483491
16.65582791 4.72952814
16.66383192 4.72421971
16.67183592 4.71890964
16.67983992 4.71359794
16.68784392 4.70828463
16.69584792 4.70296974
16.70385193 4.69765327
16.71185593 4.69233524
16.71985993 4.68701568
16.72786393 4.68169461
16.73586793 4.67637202
16.74387194 4.67104796
16.75187594 4.66572243
16.75987994 4.66039545
16.76788394 4.65506704
16.77588794 4.64973721
16.78389195 4.64440599
16.79189595 4.63907339
16.79989995 4.63373943
16.80790395 4.62840413
16.81590795 4.62306751
16.82391196 4.61772957
16.83191596 4.61239035
16.83991996 4.60704985
16.84792396 4.60170810
16.85592796 4.59636511
16.86393197 4.59102091
16.87193597 4.58567550
16.87993997 4.58032891
16.88794397 4.57498115
16.89594797 4.56963225
16.90395198 4.56428221
16.91195598 4.55893106
16.91995998 4.55357881
16.92796398 4.54822549
16.93596798 4.54287111
16.94397199 4.53751568
16.95197599 4.53215923
16.95997999 4.52680177
16.96798399 4.52144333
16.97598799 4.51608391
16.98399200 4.51072354
16.99199600 4.50536223
17.00000000 4.50000000
