0.90000000 1.30000000
0.90620310 1.30185507
0.91240620 1.30371001
0.91860930 1.30556465
0.92481241 1.30741888
0.93101551 1.30927253
0.93721861 1.31112548
0.94342171 1.31297757
0.94962481 1.31482867
0.95582791 1.31667864
0.96203102 1.31852733
0.96823412 1.32037460
0.97443722 1.32222031
0.98064032 1.32406432
0.98684342 1.32590648
0.99304652 1.32774666
0.99924962 1.32958471
1.00545273 1.33142049
1.01165583 1.33325386
1.01785893 1.33508467
1.02406203 1.33691279
1.03026513 1.33873807
1.03646823 1.34056038
1.04267134 1.34237956
1.04887444 1.34419548
1.05507754 1.34600799
1.06128064 1.34781696
1.06748374 1.34962224
1.07368684 1.35142369
1.07988994 1.35322116
1.08609305 1.35501452
1.09229615 1.35680363
1.09849925 1.35858834
1.10470235 1.36036851
1.11090545 1.36214400
1.11710855 1.36391466
1.12331166 1.36568036
1.12951476 1.36744095
1.13571786 1.36919629
1.14192096 1.37094625
1.14812406 1.37269066
1.15432716 1.37442941
1.16053027 1.37616234
1.16673337 1.37788931
1.17293647 1.37961018
1.17913957 1.38132480
1.18534267 1.38303305
1.19154577 1.38473476
1.19774887 1.38642981
1.20395198 1.38811806
1.21015508 1.38979934
1.21635818 1.39147354
1.22256128 1.39314050
1.22876438 1.39480009
1.23496748 1.39645215
1.24117059 1.39809655
1.24737369 1.39973316
1.25357679 1.40136181
1.25977989 1.40298238
1.26598299 1.40459473
1.27218609 1.40619870
1.27838919 1.40779416
1.28459230 1.40938097
1.29079540 1.41095898
1.29699850 1.41252805
1.30320160 1.50134407
1.30940470 1.50393155
1.31560780 1.50649823
1.32181091 1.50904544
1.32801401 1.51157455
1.33421711 1.51408692
1.34042021 1.51658390
1.34662331 1.51906684
1.35282641 1.52153711
1.35902951 1.52399606
1.36523262 1.52644504
1.37143572 1.52888541
1.37763882 1.53131853
1.38384192 1.53374575
1.39004502 1.53616843
1.39624812 1.53858792
1.40245123 1.54100559
1.40865433 1.54342278
1.41485743 1.54584086
1.42106053 1.54826118
1.42726363 1.55068509
1.43346673 1.55311395
1.43966983 1.55554913
1.44587294 1.55799196
1.45207604 1.56044382
1.45827914 1.56290605
1.46448224 1.56538001
1.47068534 1.56786707
1.47688844 1.57036856
1.48309155 1.57288586
1.48929465 1.57542031
1.49549775 1.57797328
1.50170085 1.58054611
1.50790395 1.58314017
1.51410705 1.58575681
1.52031016 1.58839739
1.52651326 1.59106326
1.53271636 1.59375578
1.53891946 1.59647630
1.54512256 1.59922619
1.55132566 1.60200679
1.55752876 1.60481946
1.56373187 1.60766557
1.56993497 1.61054646
1.57613807 1.61346349
1.58234117 1.61641802
1.58854427 1.61941141
1.59474737 1.62244500
1.60095048 1.62552016
1.60715358 1.62863825
1.61335668 1.63180061
1.61955978 1.63500860
1.62576288 1.63826359
1.63196598 1.64156692
1.63816908 1.64491995
1.64437219 1.64832405
1.65057529 1.65178055
1.65677839 1.65529083
1.66298149 1.65885624
1.66918459 1.66247813
1.67538769 1.66615786
1.68159080 1.66989678
1.68779390 1.67369625
1.69399700 1.67755763
1.70020010 1.68148228
1.70640320 1.68547154
1.71260630 1.68952678
1.71880940 1.69364935
1.72501251 1.69784061
1.73121561 1.70210192
1.73741871 1.70643462
1.74362181 1.71084008
1.74982491 1.71531965
1.75602801 1.71987469
1.76223112 1.72450655
1.76843422 1.72921660
1.77463732 1.73400618
1.78084042 1.73887665
1.78704352 1.74382937
1.79324662 1.74886570
1.79944972 1.75398699
1.80565283 1.75919459
1.81185593 1.76448987
1.81805903 1.76987418
1.82426213 1.77534887
1.83046523 1.78091530
1.83666833 1.78657483
1.84287144 1.79232882
1.84907454 1.79817861
1.85527764 1.80412557
1.86148074 1.81017105
1.86768384 1.81631641
1.87388694 1.82256300
1.88009005 1.82891218
1.88629315 1.83536531
1.89249625 1.84192374
1.89869935 1.84858883
1.90490245 1.85536147
1.91110555 1.86223906
1.91730865 1.86921736
1.92351176 1.87629215
1.92971486 1.88345919
1.93591796 1.89071425
1.94212106 1.89805309
1.94832416 1.90547148
1.95452726 1.91296519
1.96073037 1.92052998
1.96693347 1.92816161
1.97313657 1.93585586
1.97933967 1.94360849
1.98554277 1.95141526
1.99174587 1.95927195
1.99794897 1.96717431
2.00415208 1.97511812
2.01035518 1.98309914
2.01655828 1.99111314
2.02276138 1.99915588
2.02896448 2.00722312
2.03516758 2.01531065
2.04137069 2.02341421
2.04757379 2.03152958
2.05377689 2.03965252
2.05997999 2.04777881
2.06618309 2.05590420
2.07238619 2.06402446
2.07858929 2.07213535
2.08479240 2.08023266
2.09099550 2.08831213
2.09719860 2.09636954
2.10340170 2.10440075
2.10960480 2.11240345
2.11580790 2.12037695
2.12201101 2.12832062
2.12821411 2.13623380
2.13441721 2.14411587
2.14062031 2.15196617
2.14682341 2.15978408
2.15302651 2.16756895
2.15922961 2.17532014
2.16543272 2.18303702
2.17163582 2.19071893
2.17783892 2.19836525
2.18404202 2.20597534
2.19024512 2.21354855
2.19644822 2.22108424
2.20265133 2.22858178
2.20885443 2.23604052
2.21505753 2.24345983
2.22126063 2.25083907
2.22746373 2.25817759
2.23366683 2.26547476
2.23986993 2.27272994
2.24607304 2.27994248
2.25227614 2.28711175
2.25847924 2.29423711
2.26468234 2.30131792
2.27088544 2.30835353
2.27708854 2.31534332
2.28329165 2.32228664
2.28949475 2.32918284
2.29569785 2.33603130
2.30190095 2.34283137
2.30810405 2.34958240
2.31430715 2.35628377
2.32051026 2.36293484
2.32671336 2.36953495
2.33291646 2.37608348
2.33911956 2.38257978
2.34532266 2.38902321
2.35152576 2.39541314
2.35772886 2.40174892
2.36393197 2.40802991
2.37013507 2.41425548
2.37633817 2.42042499
2.38254127 2.42653779
2.38874437 2.43259324
2.39494747 2.43859072
2.40115058 2.44452957
2.40735368 2.45040915
2.41355678 2.45622884
2.41975988 2.46198798
2.42596298 2.46768594
2.43216608 2.47332208
2.43836918 2.47889576
2.44457229 2.48440633
2.45077539 2.48985317
2.45697849 2.49523563
2.46318159 2.50055306
2.46938469 2.50580484
2.47558779 2.51099032
2.48179090 2.51610886
2.48799400 2.52115982
2.49419710 2.52614256
2.50040020 2.53105645
2.50660330 2.53590084
2.51280640 2.54067509
2.51900950 2.54537857
2.52521261 2.55001063
2.53141571 2.55457063
2.53761881 2.55905794
2.54382191 2.56347192
2.55002501 2.56781192
2.55622811 2.57207730
2.56243122 2.57626744
2.56863432 2.58038167
2.57483742 2.58441938
2.58104052 2.58837991
2.58724362 2.59226263
2.59344672 2.59606690
2.59964982 2.59979208
2.60585293 2.60343770
2.61205603 2.60700416
2.61825913 2.61049209
2.62446223 2.61390213
2.63066533 2.61723492
2.63686843 2.62049109
2.64307154 2.62367128
2.64927464 2.62677612
2.65547774 2.62980627
2.66168084 2.63276234
2.66788394 2.63564499
2.67408704 2.63845485
2.68029015 2.64119255
2.68649325 2.64385873
2.69269635 2.64645403
2.69889945 2.64897909
2.70510255 2.65143454
2.71130565 2.65382103
2.71750875 2.65613918
2.72371186 2.65838965
2.72991496 2.66057305
2.73611806 2.66269004
2.74232116 2.66474124
2.74852426 2.66672731
2.75472736 2.66864886
2.76093047 2.67050655
2.76713357 2.67230100
2.77333667 2.67403286
2.77953977 2.67570276
2.78574287 2.67731135
2.79194597 2.67885925
2.79814907 2.68034710
2.80435218 2.68177555
2.81055528 2.68314523
2.81675838 2.68445677
2.82296148 2.68571082
2.82916458 2.68690801
2.83536768 2.68804898
2.84157079 2.68913437
2.84777389 2.69016481
2.85397699 2.69114094
2.86018009 2.69206341
2.86638319 2.69293283
2.87258629 2.69374986
2.87878939 2.69451513
2.88499250 2.69522928
2.89119560 2.69589295
2.89739870 2.69650676
2.90360180 2.69707137
2.90980490 2.69758741
2.91600800 2.69805551
2.92221111 2.69847631
2.92841421 2.69885045
2.93461731 2.69917857
2.94082041 2.69946130
2.94702351 2.69969929
2.95322661 2.69989316
2.95942971 2.70004356
2.96563282 2.70015113
2.97183592 2.70021649
2.97803902 2.70024030
2.98424212 2.70022318
2.99044522 2.70016577
2.99664832 2.70006872
3.00285143 2.69993264
3.00905453 2.69975801
3.01525763 2.69954506
3.02146073 2.69929407
3.02766383 2.69900527
3.03386693 2.69867892
3.04007004 2.69831526
3.04627314 2.69791454
3.05247624 2.69747701
3.05867934 2.69700293
3.06488244 2.69649254
3.07108554 2.69594609
3.07728864 2.69536384
3.08349175 2.69474602
3.08969485 2.69409289
3.09589795 2.69340470
3.10210105 2.69268170
3.10830415 2.69192414
3.11450725 2.69113226
3.12071036 2.69030632
3.12691346 2.68944657
3.13311656 2.68855325
3.13931966 2.68762662
3.14552276 2.68666692
3.15172586 2.68567440
3.15792896 2.68464932
3.16413207 2.68359192
3.17033517 2.68250245
3.17653827 2.68138116
3.18274137 2.68022831
3.18894447 2.67904413
3.19514757 2.67782889
3.20135068 2.67658282
3.20755378 2.67530618
3.21375688 2.67399922
3.21995998 2.67266219
3.22616308 2.67129533
3.23236618 2.66989890
3.23856928 2.66847314
3.24477239 2.66701831
3.25097549 2.66553466
3.25717859 2.66402242
3.26338169 2.66248186
3.26958479 2.66091323
3.27578789 2.65931676
3.28199100 2.65769272
3.28819410 2.65604135
3.29439720 2.65436289
3.30060030 2.65265761
3.30680340 2.65092575
3.31300650 2.64916755
3.31920960 2.64738328
3.32541271 2.64557317
3.33161581 2.64373747
3.33781891 2.64187645
3.34402201 2.63999033
3.35022511 2.63807939
3.35642821 2.63614386
3.36263132 2.63418399
3.36883442 2.63220003
3.37503752 2.63019224
3.38124062 2.62816086
3.38744372 2.62610614
3.39364682 2.62402834
3.39984992 2.62192769
3.40605303 2.61980445
3.41225613 2.61765887
3.41845923 2.61549120
3.42466233 2.61330169
3.43086543 2.61109059
3.43706853 2.60885814
3.44327164 2.60660460
3.44947474 2.60433021
3.45567784 2.60203523
3.46188094 2.59971991
3.46808404 2.59738448
3.47428714 2.59502922
3.48049025 2.59265435
3.48669335 2.59026014
3.49289645 2.58784682
3.49909955 2.58541466
3.50530265 2.58296390
3.51150575 2.58049479
3.51770885 2.57800758
3.52391196 2.57550252
3.53011506 2.57297985
3.53631816 2.57043983
3.54252126 2.56788271
3.54872436 2.56530874
3.55492746 2.56271816
3.56113057 2.56011123
3.56733367 2.55748819
3.57353677 2.55484929
3.57973987 2.55219479
3.58594297 2.54952494
3.59214607 2.54683997
3.59834917 2.54414014
3.60455228 2.54142571
3.61075538 2.53869692
3.61695848 2.53595402
3.62316158 2.53319725
3.62936468 2.53042688
3.63556778 2.52764314
3.64177089 2.52484629
3.64797399 2.52203658
3.65417709 2.51921426
3.66038019 2.51637957
3.66658329 2.51353276
3.67278639 2.51067409
3.67898949 2.50780381
3.68519260 2.50492215
3.69139570 2.50202938
3.69759880 2.49912575
3.70380190 2.49621149
3.71000500 2.49328687
3.71620810 2.49035213
3.72241121 2.48740751
3.72861431 2.48445328
3.73481741 2.48148967
3.74102051 2.47851695
3.74722361 2.47553535
3.75342671 2.47254513
3.75962981 2.46954653
3.76583292 2.46653981
3.77203602 2.46352522
3.77823912 2.46050300
3.78444222 2.45747340
3.79064532 2.45443668
3.79684842 2.45139308
3.80305153 2.44834286
3.80925463 2.44528625
3.81545773 2.44222352
3.82166083 2.43915491
3.82786393 2.43608067
3.83406703 2.43300104
3.84027014 2.42991629
3.84647324 2.42682666
3.85267634 2.42373239
3.85887944 2.42063374
3.86508254 2.41753095
3.87128564 2.41442429
3.87748874 2.41131398
3.88369185 2.40820030
3.88989495 2.40508347
3.89609805 2.40196376
3.90230115 2.39884142
3.90850425 2.39571663
3.91470735 2.39258951
3.92091046 2.38946017
3.92711356 2.38632874
3.93331666 2.38319531
3.93951976 2.38006000
3.94572286 2.37692293
3.95192596 2.37378420
3.95812906 2.37064392
3.96433217 2.36750222
3.97053527 2.36435919
3.97673837 2.36121495
3.98294147 2.35806962
3.98914457 2.35492330
3.99534767 2.35177611
4.00155078 2.34862816
4.00775388 2.34547956
4.01395698 2.34233042
4.02016008 2.33918086
4.02636318 2.33603098
4.03256628 2.33288090
4.03876938 2.32973073
4.04497249 2.32658057
4.05117559 2.32343056
4.05737869 2.32028079
4.06358179 2.31713137
4.06978489 2.31398242
4.07598799 2.31083406
4.08219110 2.30768638
4.08839420 2.30453951
4.09459730 2.30139356
4.10080040 2.29824863
4.10700350 2.29510485
4.11320660 2.29196231
4.11940970 2.28882114
4.12561281 2.28568144
4.13181591 2.28254333
4.13801901 2.27940692
4.14422211 2.27627232
4.15042521 2.27313964
4.15662831 2.27000899
4.16283142 2.26688049
4.16903452 2.26375425
4.17523762 2.26063038
4.18144072 2.25750899
4.18764382 2.25439019
4.19384692 2.25127410
4.20005003 2.24816082
4.20625313 2.24505047
4.21245623 2.24194316
4.21865933 2.23883901
4.22486243 2.23573812
4.23106553 2.23264060
4.23726863 2.22954657
4.24347174 2.22645614
4.24967484 2.22336943
4.25587794 2.22028653
4.26208104 2.21720757
4.26828414 2.21413266
4.27448724 2.21106190
4.28069035 2.20799542
4.28689345 2.20493332
4.29309655 2.20187571
4.29929965 2.19882271
4.30550275 2.19577442
4.31170585 2.19273097
4.31790895 2.18969245
4.32411206 2.18665899
4.33031516 2.18363069
4.33651826 2.18060767
4.34272136 2.17759004
4.34892446 2.17457791
4.35512756 2.17157139
4.36133067 2.16857059
4.36753377 2.16557563
4.37373687 2.16258662
4.37993997 2.15960367
4.38614307 2.15662689
4.39234617 2.15365639
4.39854927 2.15069228
4.40475238 2.14773482
4.41095548 2.14478533
4.41715858 2.14184570
4.42336168 2.13891781
4.42956478 2.13600354
4.43576788 2.13310477
4.44197099 2.13022339
4.44817409 2.12736127
4.45437719 2.12452030
4.46058029 2.12170237
4.46678339 2.11890934
4.47298649 2.11614311
4.47918959 2.11340556
4.48539270 2.11069857
4.49159580 2.10802402
4.49779890 2.10538379
4.50400200 2.10277977
4.51020510 2.10021383
4.51640820 2.09768787
4.52261131 2.09520375
4.52881441 2.09276337
4.53501751 2.09036861
4.54122061 2.08802134
4.54742371 2.08572345
4.55362681 2.08347682
4.55982991 2.08128334
4.56603302 2.07914488
4.57223612 2.07706333
4.57843922 2.07504057
4.58464232 2.07307848
4.59084542 2.07117895
4.59704852 2.06934385
4.60325163 2.06757507
4.60945473 2.06587449
4.61565783 2.06424399
4.62186093 2.06268546
4.62806403 2.06120077
4.63426713 2.05979181
4.64047024 2.05846046
4.64667334 2.05720860
4.65287644 2.05603812
4.65907954 2.05495089
4.66528264 2.05394880
4.67148574 2.05303373
4.67768884 2.05220757
4.68389195 2.05147219
4.69009505 2.05082947
4.69629815 2.05028131
4.70250125 2.04982953
4.70870435 2.04947424
4.71490745 2.04921333
4.72111056 2.04904453
4.72731366 2.04896558
4.73351676 2.04897421
4.73971986 2.04906816
4.74592296 2.04924517
4.75212606 2.04950296
4.75832916 2.04983928
4.76453227 2.05025185
4.77073537 2.05073843
4.77693847 2.05129673
4.78314157 2.05192451
4.78934467 2.05261948
4.79554777 2.05337939
4.80175088 2.05420198
4.80795398 2.05508497
4.81415708 2.05602611
4.82036018 2.05702313
4.82656328 2.05807377
4.83276638 2.05917575
4.83896948 2.06032683
4.84517259 2.06152472
4.85137569 2.06276717
4.85757879 2.06405192
4.86378189 2.06537669
4.86998499 2.06673923
4.87618809 2.06813727
4.88239120 2.06956854
4.88859430 2.07103078
4.89479740 2.07252173
4.90100050 2.07403912
4.90720360 2.07558069
4.91340670 2.07714417
4.91960980 2.07872730
4.92581291 2.08032781
4.93201601 2.08194344
4.93821911 2.08357193
4.94442221 2.08521100
4.95062531 2.08685840
4.95682841 2.08851187
4.96303152 2.09016913
4.96923462 2.09182792
4.97543772 2.09348598
4.98164082 2.09514104
4.98784392 2.09679085
4.99404702 2.09843312
5.00025013 2.10006561
5.00645323 2.10168648
5.01265633 2.10329545
5.01885943 2.10489258
5.02506253 2.10647793
5.03126563 2.10805157
5.03746873 2.10961356
5.04367184 2.11116396
5.04987494 2.11270284
5.05607804 2.11423024
5.06228114 2.11574624
5.06848424 2.11725089
5.07468734 2.11874427
5.08089045 2.12022642
5.08709355 2.12169742
5.09329665 2.12315732
5.09949975 2.12460618
5.10570285 2.12604407
5.11190595 2.12747105
5.11810905 2.12888718
5.12431216 2.13029253
5.13051526 2.13168715
5.13671836 2.13307110
5.14292146 2.13444445
5.14912456 2.13580726
5.15532766 2.13715959
5.16153077 2.13850151
5.16773387 2.13983306
5.17393697 2.14115433
5.18014007 2.14246536
5.18634317 2.14376622
5.19254627 2.14505698
5.19874937 2.14633769
5.20495248 2.14760841
5.21115558 2.14886921
5.21735868 2.15012014
5.22356178 2.15136128
5.22976488 2.15259268
5.23596798 2.15381441
5.24217109 2.15502652
5.24837419 2.15622907
5.25457729 2.15742214
5.26078039 2.15860577
5.26698349 2.15978004
5.27318659 2.16094500
5.27938969 2.16210072
5.28559280 2.16324726
5.29179590 2.16438468
5.29799900 2.16551303
5.30420210 2.16663239
5.31040520 2.16774282
5.31660830 2.16884437
5.32281141 2.16993711
5.32901451 2.17102110
5.33521761 2.17209640
5.34142071 2.17316307
5.34762381 2.17422118
5.35382691 2.17527079
5.36003002 2.17631195
5.36623312 2.17734474
5.37243622 2.17836921
5.37863932 2.17938542
5.38484242 2.18039344
5.39104552 2.18139332
5.39724862 2.18238514
5.40345173 2.18336894
5.40965483 2.18434480
5.41585793 2.18531277
5.42206103 2.18627292
5.42826413 2.18722530
5.43446723 2.18816999
5.44067034 2.18910704
5.44687344 2.19003651
5.45307654 2.19095846
5.45927964 2.19187296
5.46548274 2.19278007
5.47168584 2.19367985
5.47788894 2.19457236
5.48409205 2.19545767
5.49029515 2.19633583
5.49649825 2.19720691
5.50270135 2.19807096
5.50890445 2.19892806
5.51510755 2.19977826
5.52131066 2.20062162
5.52751376 2.20145821
5.53371686 2.20228809
5.53991996 2.20311132
5.54612306 2.20392795
5.55232616 2.20473806
5.55852926 2.20554171
5.56473237 2.20633895
5.57093547 2.20712985
5.57713857 2.20791446
5.58334167 2.20869286
5.58954477 2.20946511
5.59574787 2.21023126
5.60195098 2.21099137
5.60815408 2.21174552
5.61435718 2.21249375
5.62056028 2.21323614
5.62676338 2.21397274
5.63296648 2.21470361
5.63916958 2.21542882
5.64537269 2.21614843
5.65157579 2.21686251
5.65777889 2.21757110
5.66398199 2.21827428
5.67018509 2.21897210
5.67638819 2.21966464
5.68259130 2.22035194
5.68879440 2.22103407
5.69499750 2.22171110
5.70120060 2.22238308
5.70740370 2.22305008
5.71360680 2.22371215
5.71980990 2.22436937
5.72601301 2.22502178
5.73221611 2.22566947
5.73841921 2.22631247
5.74462231 2.22695086
5.75082541 2.22758471
5.75702851 2.22821406
5.76323162 2.22883898
5.76943472 2.22945954
5.77563782 2.23007579
5.78184092 2.23068780
5.78804402 2.23129563
5.79424712 2.23189934
5.80045023 2.23249900
5.80665333 2.23309466
5.81285643 2.23368638
5.81905953 2.23427423
5.82526263 2.23485827
5.83146573 2.23543857
5.83766883 2.23601517
5.84387194 2.23658815
5.85007504 2.23715757
5.85627814 2.23772349
5.86248124 2.23828596
5.86868434 2.23884506
5.87488744 2.23940084
5.88109055 2.23995337
5.88729365 2.24050270
5.89349675 2.24104891
5.89969985 2.24159204
5.90590295 2.24213216
5.91210605 2.24266934
5.91830915 2.24320364
5.92451226 2.24373511
5.93071536 2.24426382
5.93691846 2.24478984
5.94312156 2.24531321
5.94932466 2.24583402
5.95552776 2.24635230
5.96173087 2.24686814
5.96793397 2.24738158
5.97413707 2.24789270
5.98034017 2.24840155
5.98654327 2.24890819
5.99274637 2.24941269
5.99894947 2.24991511
6.00515258 2.25041551
6.01135568 2.25091389
6.01755878 2.25141024
6.02376188 2.25190457
6.02996498 2.25239687
6.03616808 2.25288712
6.04237119 2.25337532
6.04857429 2.25386147
6.05477739 2.25434556
6.06098049 2.25482758
6.06718359 2.25530753
6.07338669 2.25578539
6.07958979 2.25626116
6.08579290 2.25673484
6.09199600 2.25720642
6.09819910 2.25767589
6.10440220 2.25814325
6.11060530 2.25860848
6.11680840 2.25907158
6.12301151 2.25953255
6.12921461 2.25999138
6.13541771 2.26044806
6.14162081 2.26090258
6.14782391 2.26135494
6.15402701 2.26180514
6.16023012 2.26225315
6.16643322 2.26269899
6.17263632 2.26314264
6.17883942 2.26358409
6.18504252 2.26402334
6.19124562 2.26446038
6.19744872 2.26489521
6.20365183 2.26532781
6.20985493 2.26575819
6.21605803 2.26618633
6.22226113 2.26661223
6.22846423 2.26703588
6.23466733 2.26745727
6.24087044 2.26787640
6.24707354 2.26829327
6.25327664 2.26870785
6.25947974 2.26912016
6.26568284 2.26953018
6.27188594 2.26993790
6.27808904 2.27034332
6.28429215 2.27074643
6.29049525 2.27114722
6.29669835 2.27154570
6.30290145 2.27194184
6.30910455 2.27233565
6.31530765 2.27272711
6.32151076 2.27311623
6.32771386 2.27350299
6.33391696 2.27388739
6.34012006 2.27426942
6.34632316 2.27464907
6.35252626 2.27502634
6.35872936 2.27540123
6.36493247 2.27577371
6.37113557 2.27614380
6.37733867 2.27651147
6.38354177 2.27687673
6.38974487 2.27723957
6.39594797 2.27759998
6.40215108 2.27795795
6.40835418 2.27831348
6.41455728 2.27866656
6.42076038 2.27901718
6.42696348 2.27936535
6.43316658 2.27971104
6.43936968 2.28005425
6.44557279 2.28039499
6.45177589 2.28073323
6.45797899 2.28106898
6.46418209 2.28140223
6.47038519 2.28173296
6.47658829 2.28206119
6.48279140 2.28238688
6.48899450 2.28271005
6.49519760 2.28303068
6.50140070 2.28334877
6.50760380 2.28366431
6.51380690 2.28397730
6.52001001 2.28428772
6.52621311 2.28459557
6.53241621 2.28490085
6.53861931 2.28520354
6.54482241 2.28550364
6.55102551 2.28580115
6.55722861 2.28609605
6.56343172 2.28638835
6.56963482 2.28667803
6.57583792 2.28696508
6.58204102 2.28724951
6.58824412 2.28753130
6.59444722 2.28781044
6.60065033 2.28808694
6.60685343 2.28836078
6.61305653 2.28863196
6.61925963 2.28890046
6.62546273 2.28916629
6.63166583 2.28942944
6.63786893 2.28968990
6.64407204 2.28994766
6.65027514 2.29020272
6.65647824 2.29045507
6.66268134 2.29070470
6.66888444 2.29095161
6.67508754 2.29119579
6.68129065 2.29143723
6.68749375 2.29167593
6.69369685 2.29191188
6.69989995 2.29214507
6.70610305 2.29237550
6.71230615 2.29260316
6.71850925 2.29282804
6.72471236 2.29305014
6.73091546 2.29326945
6.73711856 2.29348596
6.74332166 2.29369967
6.74952476 2.29391057
6.75572786 2.29411865
6.76193097 2.29432391
6.76813407 2.29452634
6.77433717 2.29472593
6.78054027 2.29492268
6.78674337 2.29511658
6.79294647 2.29530762
6.79914957 2.29549580
6.80535268 2.29568111
6.81155578 2.29586354
6.81775888 2.29604308
6.82396198 2.29621974
6.83016508 2.29639350
6.83636818 2.29656436
6.84257129 2.29673230
6.84877439 2.29689733
6.85497749 2.29705944
6.86118059 2.29721861
6.86738369 2.29737485
6.87358679 2.29752814
6.87978989 2.29767849
6.88599300 2.29782587
6.89219610 2.29797030
6.89839920 2.29811175
6.90460230 2.29825022
6.91080540 2.29838572
6.91700850 2.29851822
6.92321161 2.29864772
6.92941471 2.29877422
6.93561781 2.29889771
6.94182091 2.29901818
6.94802401 2.29913563
6.95422711 2.29925005
6.96043022 2.29936143
6.96663332 2.29946976
6.97283642 2.29957505
6.97903952 2.29967728
6.98524262 2.29977644
6.99144572 2.29987253
6.99764882 2.29996555
7.00385193 2.30005548
7.01005503 2.30014230
7.01625813 2.30022598
7.02246123 2.30030648
7.02866433 2.30038377
7.03486743 2.30045781
7.04107054 2.30052856
7.04727364 2.30059600
7.05347674 2.30066008
7.05967984 2.30072078
7.06588294 2.30077805
7.07208604 2.30083186
7.07828914 2.30088218
7.08449225 2.30092897
7.09069535 2.30097220
7.09689845 2.30101183
7.10310155 2.30104782
7.10930465 2.30108015
7.11550775 2.30110877
7.12171086 2.30113366
7.12791396 2.30115477
7.13411706 2.30117207
7.14032016 2.30118553
7.14652326 2.30119511
7.15272636 2.30120078
7.15892946 2.30120249
7.16513257 2.30120023
7.17133567 2.30119394
7.17753877 2.30118360
7.18374187 2.30116918
7.18994497 2.30115062
7.19614807 2.30112791
7.20235118 2.30110101
7.20855428 2.30106988
7.21475738 2.30103448
7.22096048 2.30099478
7.22716358 2.30095076
7.23336668 2.30090236
7.23956978 2.30084955
7.24577289 2.30079231
7.25197599 2.30073060
7.25817909 2.30066437
7.26438219 2.30059361
7.27058529 2.30051826
7.27678839 2.30043830
7.28299150 2.30035369
7.28919460 2.30026439
7.29539770 2.30017038
7.30160080 2.30007161
7.30780390 2.29996806
7.31400700 2.29985968
7.32021011 2.29974644
7.32641321 2.29962830
7.33261631 2.29950524
7.33881941 2.29937721
7.34502251 2.29924419
7.35122561 2.29910613
7.35742871 2.29896300
7.36363182 2.29881477
7.36983492 2.29866139
7.37603802 2.29850285
7.38224112 2.29833909
7.38844422 2.29817009
7.39464732 2.29799581
7.40085043 2.29781621
7.40705353 2.29763127
7.41325663 2.29744094
7.41945973 2.29724520
7.42566283 2.29704399
7.43186593 2.29683730
7.43806903 2.29662509
7.44427214 2.29640731
7.45047524 2.29618394
7.45667834 2.29595495
7.46288144 2.29572028
7.46908454 2.29547992
7.47528764 2.29523382
7.48149075 2.29498196
7.48769385 2.29472429
7.49389695 2.29446078
7.50010005 2.29419139
7.50630315 2.29391610
7.51250625 2.29363486
7.51870935 2.29334764
7.52491246 2.29305440
7.53111556 2.29275512
7.53731866 2.29244975
7.54352176 2.29213827
7.54972486 2.29182063
7.55592796 2.29149679
7.56213107 2.29116674
7.56833417 2.29083042
7.57453727 2.29048781
7.58074037 2.29013887
7.58694347 2.28978356
7.59314657 2.28942186
7.59934967 2.28905372
7.60555278 2.28867911
7.61175588 2.28829800
7.61795898 2.28791034
7.62416208 2.28751611
7.63036518 2.28711527
7.63656828 2.28670779
7.64277139 2.28629363
7.64897449 2.28587275
7.65517759 2.28544512
7.66138069 2.28501070
7.66758379 2.28456947
7.67378689 2.28412138
7.67998999 2.28366640
7.68619310 2.28320450
7.69239620 2.28273564
7.69859930 2.28225978
7.70480240 2.28177689
7.71100550 2.28128694
7.71720860 2.28078988
7.72341171 2.28028569
7.72961481 2.27977434
7.73581791 2.27925577
7.74202101 2.27872997
7.74822411 2.27819689
7.75442721 2.27765650
7.76063032 2.27710876
7.76683342 2.27655365
7.77303652 2.27599112
7.77923962 2.27542114
7.78544272 2.27484367
7.79164582 2.27425869
7.79784892 2.27366615
7.80405203 2.27306602
7.81025513 2.27245826
7.81645823 2.27184284
7.82266133 2.27121973
7.82886443 2.27058889
7.83506753 2.26995028
7.84127064 2.26930387
7.84747374 2.26864963
7.85367684 2.26798751
7.85987994 2.26731749
7.86608304 2.26663953
7.87228614 2.26595360
7.87848924 2.26525965
7.88469235 2.26455766
7.89089545 2.26384759
7.89709855 2.26312940
7.90330165 2.26240306
7.90950475 2.26166854
7.91570785 2.26092580
7.92191096 2.26017480
7.92811406 2.25941551
7.93431716 2.25864789
7.94052026 2.25787191
7.94672336 2.25708754
7.95292646 2.25629474
7.95912956 2.25549347
7.96533267 2.25468370
7.97153577 2.25386540
7.97773887 2.25303852
7.98394197 2.25220304
7.99014507 2.25135892
7.99634817 2.25050612
8.00255128 2.24964461
8.00875438 2.24877439
8.01495748 2.24789546
8.02116058 2.24700787
8.02736368 2.24611163
8.03356678 2.24520677
8.03976988 2.24429331
8.04597299 2.24337128
8.05217609 2.24244071
8.05837919 2.24150162
8.06458229 2.24055402
8.07078539 2.23959796
8.07698849 2.23863346
8.08319160 2.23766053
8.08939470 2.23667920
8.09559780 2.23568951
8.10180090 2.23469147
8.10800400 2.23368511
8.11420710 2.23267045
8.12041021 2.23164752
8.12661331 2.23061635
8.13281641 2.22957695
8.13901951 2.22852936
8.14522261 2.22747360
8.15142571 2.22640969
8.15762881 2.22533767
8.16383192 2.22425754
8.17003502 2.22316935
8.17623812 2.22207311
8.18244122 2.22096885
8.18864432 2.21985660
8.19484742 2.21873637
8.20105053 2.21760820
8.20725363 2.21647211
8.21345673 2.21532812
8.21965983 2.21417627
8.22586293 2.21301656
8.23206603 2.21184904
8.23826913 2.21067372
8.24447224 2.20949063
8.25067534 2.20829980
8.25687844 2.20710125
8.26308154 2.20589500
8.26928464 2.20468108
8.27548774 2.20345951
8.28169085 2.20223033
8.28789395 2.20099355
8.29409705 2.19974920
8.30030015 2.19849730
8.30650325 2.19723788
8.31270635 2.19597097
8.31890945 2.19469659
8.32511256 2.19341477
8.33131566 2.19212552
8.33751876 2.19082888
8.34372186 2.18952487
8.34992496 2.18821351
8.35612806 2.18689484
8.36233117 2.18556886
8.36853427 2.18423562
8.37473737 2.18289514
8.38094047 2.18154743
8.38714357 2.18019253
8.39334667 2.17883046
8.39954977 2.17746124
8.40575288 2.17608491
8.41195598 2.17470148
8.41815908 2.17331098
8.42436218 2.17191344
8.43056528 2.17050887
8.43676838 2.16909731
8.44297149 2.16767878
8.44917459 2.16625331
8.45537769 2.16482092
8.46158079 2.16338163
8.46778389 2.16193547
8.47398699 2.16048247
8.48019010 2.15902265
8.48639320 2.15755603
8.49259630 2.15608265
8.49879940 2.15460252
8.50500250 2.15311567
8.51120560 2.15162212
8.51740870 2.15012191
8.52361181 2.14861505
8.52981491 2.14710158
8.53601801 2.14558150
8.54222111 2.14405486
8.54842421 2.14252168
8.55462731 2.14098197
8.56083042 2.13943577
8.56703352 2.13788311
8.57323662 2.13632399
8.57943972 2.13475846
8.58564282 2.13318653
8.59184592 2.13160824
8.59804902 2.13002360
8.60425213 2.12843264
8.61045523 2.12683539
8.61665833 2.12523187
8.62286143 2.12362210
8.62906453 2.12200612
8.63526763 2.12038394
8.64147074 2.11875559
8.64767384 2.11712110
8.65387694 2.11548048
8.66008004 2.11383378
8.66628314 2.11218100
8.67248624 2.11052219
8.67868934 2.10885735
8.68489245 2.10718652
8.69109555 2.10550972
8.69729865 2.10382697
8.70350175 2.10213831
8.70970485 2.10044376
8.71590795 2.09874333
8.72211106 2.09703706
8.72831416 2.09532497
8.73451726 2.09360709
8.74072036 2.09188344
8.74692346 2.09015405
8.75312656 2.08841893
8.75932966 2.08667813
8.76553277 2.08493165
8.77173587 2.08317953
8.77793897 2.08142180
8.78414207 2.07965847
8.79034517 2.07788957
8.79654827 2.07611512
8.80275138 2.07433516
8.80895448 2.07254971
8.81515758 2.07075878
8.82136068 2.06896242
8.82756378 2.06716063
8.83376688 2.06535345
8.83996998 2.06354090
8.84617309 2.06172301
8.85237619 2.05989981
8.85857929 2.05807130
8.86478239 2.05623753
8.87098549 2.05439852
8.87718859 2.05255429
8.88339170 2.05070486
8.88959480 2.04885027
8.89579790 2.04699053
8.90200100 2.04512567
8.90820410 2.04325573
8.91440720 2.04138071
8.92061031 2.03950065
8.92681341 2.03761557
8.93301651 2.03572550
8.93921961 2.03383046
8.94542271 2.03193048
8.95162581 2.03002558
8.95782891 2.02811578
8.96403202 2.02620112
8.97023512 2.02428162
8.97643822 2.02235730
8.98264132 2.02042818
8.98884442 2.01849430
8.99504752 2.01655567
9.00125063 2.01461233
9.00745373 2.01266429
9.01365683 2.01071159
9.01985993 2.00875424
9.02606303 2.00679227
9.03226613 2.00482572
9.03846923 2.00285459
9.04467234 2.00087892
9.05087544 1.99889874
9.05707854 1.99691406
9.06328164 1.99492491
9.06948474 1.99293132
9.07568784 1.99093331
9.08189095 1.98893091
9.08809405 1.98692415
9.09429715 1.98491304
9.10050025 1.98289761
9.10670335 1.98087789
9.11290645 1.97885390
9.11910955 1.97682567
9.12531266 1.97479322
9.13151576 1.97275658
9.13771886 1.97071578
9.14392196 1.96867083
9.15012506 1.96662176
9.15632816 1.96456860
9.16253127 1.96251137
9.16873437 1.96045010
9.17493747 1.95838482
9.18114057 1.95631554
9.18734367 1.95424229
9.19354677 1.95216510
9.19974987 1.95008400
9.20595298 1.94799899
9.21215608 1.94591008
9.21835918 1.94381724
9.22456228 1.94172045
9.23076538 1.93961971
9.23696848 1.93751498
9.24317159 1.93540625
9.24937469 1.93329350
9.25557779 1.93117671
9.26178089 1.92905587
9.26798399 1.92693096
9.27418709 1.92480196
9.28039020 1.92266885
9.28659330 1.92053161
9.29279640 1.91839022
9.29899950 1.91624467
9.30520260 1.91409494
9.31140570 1.91194101
9.31760880 1.90978286
9.32381191 1.90762047
9.33001501 1.90545383
9.33621811 1.90328292
9.34242121 1.90110771
9.34862431 1.89892819
9.35482741 1.89674435
9.36103052 1.89455616
9.36723362 1.89236360
9.37343672 1.89016667
9.37963982 1.88796533
9.38584292 1.88575957
9.39204602 1.88354938
9.39824912 1.88133473
9.40445223 1.87911560
9.41065533 1.87689199
9.41685843 1.87466386
9.42306153 1.87243120
9.42926463 1.87019400
9.43546773 1.86795224
9.44167084 1.86570589
9.44787394 1.86345494
9.45407704 1.86119937
9.46028014 1.85893916
9.46648324 1.85667429
9.47268634 1.85440475
9.47888944 1.85213052
9.48509255 1.84985158
9.49129565 1.84756791
9.49749875 1.84527949
9.50370185 1.84298631
9.50990495 1.84068834
9.51610805 1.83838557
9.52231116 1.83607798
9.52851426 1.83376555
9.53471736 1.83144827
9.54092046 1.82912611
9.54712356 1.82679906
9.55332666 1.82446710
9.55952976 1.82213020
9.56573287 1.81978836
9.57193597 1.81744156
9.57813907 1.81508977
9.58434217 1.81273297
9.59054527 1.81037116
9.59674837 1.80800431
9.60295148 1.80563240
9.60915458 1.80325542
9.61535768 1.80087334
9.62156078 1.79848615
9.62776388 1.79609383
9.63396698 1.79369636
9.64017009 1.79129373
9.64637319 1.78888591
9.65257629 1.78647288
9.65877939 1.78405464
9.66498249 1.78163116
9.67118559 1.77920242
9.67738869 1.77676840
9.68359180 1.77432909
9.68979490 1.77188447
9.69599800 1.76943452
9.70220110 1.76697922
9.70840420 1.76451855
9.71460730 1.76205250
9.72081041 1.75958104
9.72701351 1.75710416
9.73321661 1.75462184
9.73941971 1.75213407
9.74562281 1.74964081
9.75182591 1.74714207
9.75802901 1.74463781
9.76423212 1.74212802
9.77043522 1.73961268
9.77663832 1.73709177
9.78284142 1.73456527
9.78904452 1.73203318
9.79524762 1.72949546
9.80145073 1.72695210
9.80765383 1.72440308
9.81385693 1.72184839
9.82006003 1.71928800
9.82626313 1.71672189
9.83246623 1.71415006
9.83866933 1.71157247
9.84487244 1.70898912
9.85107554 1.70639998
9.85727864 1.70380504
9.86348174 1.70120427
9.86968484 1.69859767
9.87588794 1.69598520
9.88209105 1.69336686
9.88829415 1.69074262
9.89449725 1.68811247
9.90070035 1.68547638
9.90690345 1.68283435
9.91310655 1.68018635
9.91930965 1.67753236
9.92551276 1.67487236
9.93171586 1.67220634
9.93791896 1.66953428
9.94412206 1.66685617
9.95032516 1.66417197
9.95652826 1.66148168
9.96273137 1.65878527
9.96893447 1.65608273
9.97513757 1.65337404
9.98134067 1.65065918
9.98754377 1.64793814
9.99374687 1.64521088
9.99994997 1.64247741
10.00615308 1.63973769
10.01235618 1.63699171
10.01855928 1.63423946
10.02476238 1.63148091
10.03096548 1.62871604
10.03716858 1.62594484
10.04337169 1.62316729
10.04957479 1.62038337
10.05577789 1.61759306
10.06198099 1.61479634
10.06818409 1.61199321
10.07438719 1.60918363
10.08059030 1.60636758
10.08679340 1.60354506
10.09299650 1.60071605
10.09919960 1.59788051
10.10540270 1.59503845
10.11160580 1.59218983
10.11780890 1.58933464
10.12401201 1.58647287
10.13021511 1.58360448
10.13641821 1.58072948
10.14262131 1.57784783
10.14882441 1.57495952
10.15502751 1.57206453
10.16123062 1.56916284
10.16743372 1.56625443
10.17363682 1.56333930
10.17983992 1.56041741
10.18604302 1.55748874
10.19224612 1.55455330
10.19844922 1.55161104
10.20465233 1.54866196
10.21085543 1.54570603
10.21705853 1.54274325
10.22326163 1.53977358
10.22946473 1.53679702
10.23566783 1.53381354
10.24187094 1.53082312
10.24807404 1.52782575
10.25427714 1.52482141
10.26048024 1.52181009
10.26668334 1.51879175
10.27288644 1.51576639
10.27908954 1.51273398
10.28529265 1.50969452
10.29149575 1.50664797
10.29769885 1.50359432
10.30390195 1.50053356
10.31010505 1.49746566
10.31630815 1.49439061
10.32251126 1.49130839
10.32871436 1.48821897
10.33491746 1.48512235
10.34112056 1.48201851
10.34732366 1.47890742
10.35352676 1.47578906
10.35972986 1.47266343
10.36593297 1.46953049
10.37213607 1.46639024
10.37833917 1.46324266
10.38454227 1.46008772
10.39074537 1.45692540
10.39694847 1.45375570
10.40315158 1.45057859
10.40935468 1.44739405
10.41555778 1.44420207
10.42176088 1.44100262
10.42796398 1.43779570
10.43416708 1.43458127
10.44037019 1.43135933
10.44657329 1.42812985
10.45277639 1.42489281
10.45897949 1.42164820
10.46518259 1.41839601
10.47138569 1.41513620
10.47758879 1.41186876
10.48379190 1.40859369
10.48999500 1.40531094
10.49619810 1.40202052
10.50240120 1.39872239
10.50860430 1.39541654
10.51480740 1.39210294
10.52101051 1.38878156
10.52721361 1.38545237
10.53341671 1.38211534
10.53961981 1.37877045
10.54582291 1.37541765
10.55202601 1.37205693
10.55822911 1.36868825
10.56443222 1.36531159
10.57063532 1.36192692
10.57683842 1.35853420
10.58304152 1.35513341
10.58924462 1.35172452
10.59544772 1.34830750
10.60165083 1.34488232
10.60785393 1.34144895
10.61405703 1.33800737
10.62026013 1.33455754
10.62646323 1.33109943
10.63266633 1.32763302
10.63886943 1.32415827
10.64507254 1.32067516
10.65127564 1.31718366
10.65747874 1.31368374
10.66368184 1.31017537
10.66988494 1.30665852
10.67608804 1.30313316
10.68229115 1.29959926
10.68849425 1.29605680
10.69469735 1.29250574
10.70090045 1.28894605
10.70710355 1.28537771
10.71330665 1.28180069
10.71950975 1.27821496
10.72571286 1.27462048
10.73191596 1.27101724
10.73811906 1.26740519
10.74432216 1.26378432
10.75052526 1.26015459
10.75672836 1.25651597
10.76293147 1.25286843
10.76913457 1.24921196
10.77533767 1.24554650
10.78154077 1.24187204
10.78774387 1.23818856
10.79394697 1.23449600
10.80015008 1.23079436
10.80635318 1.22708360
10.81255628 1.22336369
10.81875938 1.21963460
10.82496248 1.21589631
10.83116558 1.21214878
10.83736868 1.20839198
10.84357179 1.20462589
10.84977489 1.20085048
10.85597799 1.19706571
10.86218109 1.19327156
10.86838419 1.18946800
10.87458729 1.18565500
10.88079040 1.18183253
10.88699350 1.17800057
10.89319660 1.17415907
10.89939970 1.17030802
10.90560280 1.16644739
10.91180590 1.16257714
10.91800900 1.15869724
10.92421211 1.15480768
10.93041521 1.15090841
10.93661831 1.14699941
10.94282141 1.14308065
10.94902451 1.13915210
10.95522761 1.13521373
10.96143072 1.13126552
10.96763382 1.12730743
10.97383692 1.12333943
10.98004002 1.11936150
10.98624312 1.11537360
10.99244622 1.11137571
10.99864932 1.10736780
11.00485243 1.10334984
11.01105553 1.09932180
11.01725863 1.09528365
11.02346173 1.09123536
11.02966483 1.08717690
11.03586793 1.08310825
11.04207104 1.07902937
11.04827414 1.07494023
11.05447724 1.07084081
11.06068034 1.06673108
11.06688344 1.06261101
11.07308654 1.05848056
11.07928964 1.05433972
11.08549275 1.05018844
11.09169585 1.04602671
11.09789895 1.04185448
11.10410205 1.03767174
11.11030515 1.03347846
11.11650825 1.02927460
11.12271136 1.02506013
11.12891446 1.02083504
11.13511756 1.01659928
11.14132066 1.01235282
11.14752376 1.00809565
11.15372686 1.00382773
11.15992996 0.99954903
11.16613307 0.99525952
11.17233617 0.99095917
11.17853927 0.98664796
11.18474237 0.98232585
11.19094547 0.97799282
11.19714857 0.97364883
11.20335168 0.96929386
11.20955478 0.96492788
11.21575788 0.96055086
11.22196098 0.95616277
11.22816408 0.95176358
11.23436718 0.94735326
11.24057029 0.94293179
11.24677339 0.93849913
11.25297649 0.93405525
11.25917959 0.92960013
11.26538269 0.92513373
11.27158579 0.92065603
11.27778889 0.91616700
11.28399200 0.91166661
11.29019510 0.90715483
11.29639820 0.90263163
11.30260130 0.89809700
11.30880440 0.89355169
11.31500750 0.88899739
11.32121061 0.88443582
11.32741371 0.87986873
11.33361681 0.87529785
11.33981991 0.87072493
11.34602301 0.86615170
11.35222611 0.86157989
11.35842921 0.85701125
11.36463232 0.85244751
11.37083542 0.84789042
11.37703852 0.84334170
11.38324162 0.83880310
11.38944472 0.83427635
11.39564782 0.82976319
11.40185093 0.82526537
11.40805403 0.82078461
11.41425713 0.81632265
11.42046023 0.81188124
11.42666333 0.80746211
11.43286643 0.80306700
11.43906953 0.79869764
11.44527264 0.79435578
11.45147574 0.79004314
11.45767884 0.78576148
11.46388194 0.78151253
11.47008504 0.77729801
11.47628814 0.77311968
11.48249125 0.76897927
11.48869435 0.76487852
11.49489745 0.76081917
11.50110055 0.75680294
11.50730365 0.75283159
11.51350675 0.74890685
11.51970985 0.74503045
11.52591296 0.74120414
11.53211606 0.73742965
11.53831916 0.73370872
11.54452226 0.73004309
11.55072536 0.72643449
11.55692846 0.72288466
11.56313157 0.71939535
11.56933467 0.71596828
11.57553777 0.71260520
11.58174087 0.70930785
11.58794397 0.70607795
11.59414707 0.70291726
11.60035018 0.69982750
11.60655328 0.69680984
11.61275638 0.69386348
11.61895948 0.69098723
11.62516258 0.68817989
11.63136568 0.68544024
11.63756878 0.68276709
11.64377189 0.68015924
11.64997499 0.67761549
11.65617809 0.67513463
11.66238119 0.67271546
11.66858429 0.67035678
11.67478739 0.66805739
11.68099050 0.66581608
11.68719360 0.66363166
11.69339670 0.66150292
11.69959980 0.65942866
11.70580290 0.65740767
11.71200600 0.65543876
11.71820910 0.65352073
11.72441221 0.65165237
11.73061531 0.64983248
11.73681841 0.64805985
11.74302151 0.64633329
11.74922461 0.64465160
11.75542771 0.64301357
11.76163082 0.64141800
11.76783392 0.63986369
11.77403702 0.63834943
11.78024012 0.63687403
11.78644322 0.63543628
11.79264632 0.63403498
11.79884942 0.63266893
11.80505253 0.63133693
11.81125563 0.63003777
11.81745873 0.62877026
11.82366183 0.62753319
11.82986493 0.62632535
11.83606803 0.62514555
11.84227114 0.62399259
11.84847424 0.62286526
11.85467734 0.62176236
11.86088044 0.62068269
11.86708354 0.61962505
11.87328664 0.61858824
11.87948974 0.61757105
11.88569285 0.61657228
11.89189595 0.61559072
11.89809905 0.61462519
11.90430215 0.61367447
11.91050525 0.61273737
11.91670835 0.61181268
11.92291146 0.61089920
11.92911456 0.60999572
11.93531766 0.60910106
11.94152076 0.60821399
11.94772386 0.60733333
11.95392696 0.60645787
11.96013007 0.60558641
11.96633317 0.60471774
11.97253627 0.60385067
11.97873937 0.60298399
11.98494247 0.60211650
11.99114557 0.60124700
11.99734867 0.60037429
12.00355178 0.59949720
12.00975488 0.59861523
12.01595798 0.59772841
12.02216108 0.59683680
12.02836418 0.59594044
12.03456728 0.59503939
12.04077039 0.59413371
12.04697349 0.59322344
12.05317659 0.59230863
12.05937969 0.59138934
12.06558279 0.59046562
12.07178589 0.58953752
12.07798899 0.58860510
12.08419210 0.58766840
12.09039520 0.58672748
12.09659830 0.58578240
12.10280140 0.58483319
12.10900450 0.58387992
12.11520760 0.58292263
12.12141071 0.58196139
12.12761381 0.58099623
12.13381691 0.58002722
12.14002001 0.57905440
12.14622311 0.57807783
12.15242621 0.57709756
12.15862931 0.57611364
12.16483242 0.57512612
12.17103552 0.57413506
12.17723862 0.57314051
12.18344172 0.57214252
12.18964482 0.57114114
12.19584792 0.57013642
12.20205103 0.56912842
12.20825413 0.56811718
12.21445723 0.56710277
12.22066033 0.56608523
12.22686343 0.56506461
12.23306653 0.56404098
12.23926963 0.56301436
12.24547274 0.56198484
12.25167584 0.56095244
12.25787894 0.55991723
12.26408204 0.55887925
12.27028514 0.55783857
12.27648824 0.55679522
12.28269135 0.55574927
12.28889445 0.55470077
12.29509755 0.55364976
12.30130065 0.55259630
12.30750375 0.55154044
12.31370685 0.55048224
12.31990995 0.54942175
12.32611306 0.54835901
12.33231616 0.54729408
12.33851926 0.54622702
12.34472236 0.54515787
12.35092546 0.54408668
12.35712856 0.54301352
12.36333167 0.54193842
12.36953477 0.54086145
12.37573787 0.53978265
12.38194097 0.53870208
12.38814407 0.53761979
12.39434717 0.53653583
12.40055028 0.53545026
12.40675338 0.53436312
12.41295648 0.53327446
12.41915958 0.53218435
12.42536268 0.53109283
12.43156578 0.52999995
12.43776888 0.52890577
12.44397199 0.52781034
12.45017509 0.52671370
12.45637819 0.52561592
12.46258129 0.52451705
12.46878439 0.52341713
12.47498749 0.52231621
12.48119060 0.52121436
12.48739370 0.52011163
12.49359680 0.51900805
12.49979990 0.51790370
12.50600300 0.51679861
12.51220610 0.51569285
12.51840920 0.51458645
12.52461231 0.51347949
12.53081541 0.51237200
12.53701851 0.51126404
12.54322161 0.51015566
12.54942471 0.50904692
12.55562781 0.50793786
12.56183092 0.50682854
12.56803402 0.50571901
12.57423712 0.50460933
12.58044022 0.50349953
12.58664332 0.50238969
12.59284642 0.50127984
12.59904952 0.50017004
12.60525263 0.49906028
12.61145573 0.49795008
12.61765883 0.49683881
12.62386193 0.49572582
12.63006503 0.49461048
12.63626813 0.49349214
12.64247124 0.49237015
12.64867434 0.49124389
12.65487744 0.49011270
12.66108054 0.48897595
12.66728364 0.48783299
12.67348674 0.48668318
12.67968984 0.48552589
12.68589295 0.48436046
12.69209605 0.48318626
12.69829915 0.48200265
12.70450225 0.48080898
12.71070535 0.47960461
12.71690845 0.47838890
12.72311156 0.47716122
12.72931466 0.47592091
12.73551776 0.47466734
12.74172086 0.47339986
12.74792396 0.47211784
12.75412706 0.47082063
12.76033017 0.46950759
12.76653327 0.46817808
12.77273637 0.46683146
12.77893947 0.46546708
12.78514257 0.46408430
12.79134567 0.46268249
12.79754877 0.46126100
12.80375188 0.45981919
12.80995498 0.45835642
12.81615808 0.45687205
12.82236118 0.45536543
12.82856428 0.45383592
12.83476738 0.45228288
12.84097049 0.45070568
12.84717359 0.44910366
12.85337669 0.44747619
12.85957979 0.44582263
12.86578289 0.44414233
12.87198599 0.44243465
12.87818909 0.44069896
12.88439220 0.43893460
12.89059530 0.43714094
12.89679840 0.43531734
12.90300150 0.43346316
12.90920460 0.43157774
12.91540770 0.42966046
12.92161081 0.42771067
12.92781391 0.42572773
12.93401701 0.42371099
12.94022011 0.42165982
12.94642321 0.41957358
12.95262631 0.41745161
12.95882941 0.41529329
12.96503252 0.41309797
12.97123562 0.41086500
12.97743872 0.40859375
12.98364182 0.40628358
12.98984492 0.40393384
12.99604802 0.40154389
13.00225113 0.39911310
13.00845423 0.39664143
13.01465733 0.39412967
13.02086043 0.39157866
13.02706353 0.38898926
13.03326663 0.38636232
13.03946973 0.38369870
13.04567284 0.38099925
13.05187594 0.37826482
13.05807904 0.37549627
13.06428214 0.37269445
13.07048524 0.36986021
13.07668834 0.36699440
13.08289145 0.36409788
13.08909455 0.36117151
13.09529765 0.35821613
13.10150075 0.35523259
13.10770385 0.35222176
13.11390695 0.34918448
13.12011006 0.34612161
13.12631316 0.34303399
13.13251626 0.33992250
13.13871936 0.33678796
13.14492246 0.33363125
13.15112556 0.33045321
13.15732866 0.32725469
13.16353177 0.32403655
13.16973487 0.32079965
13.17593797 0.31754483
13.18214107 0.31427294
13.18834417 0.31098485
13.19454727 0.30768140
13.20075038 0.30436345
13.20695348 0.30103185
13.21315658 0.29768746
13.21935968 0.29433112
13.22556278 0.29096369
13.23176588 0.28758602
13.23796898 0.28419897
13.24417209 0.28080338
13.25037519 0.27740012
13.25657829 0.27399004
13.26278139 0.27057398
13.26898449 0.26715280
13.27518759 0.26372736
13.28139070 0.26029851
13.28759380 0.25686709
13.29379690 0.25343397
13.30000000 0.25000000
