  48.32 
  50.96 
  48.73 
  49.50 
  49.18 
  50.44 
  49.64 
  48.65 
  50.22 
  49.57 
  48.91 
  48.34 
  49.67 
  49.36 
  48.74 
  50.23 
  49.31 
  48.95 
  49.91 
  49.91 
  49.14 
  48.88 
  49.83 
  49.93 
  49.15 
  49.14 
  49.90 
  49.53 
  49.21 
  49.26 
  49.95 
  48.32 
  49.28 
  49.41 
  48.66 
  48.75 
  49.51 
  49.75 
  48.93 
  49.08 
  49.78 
  48.44 
  49.20 
  49.41 
  48.62 
  48.56 
  49.50 
  48.92 
  49.01 
  49.26 
  48.53 
  48.76 
  49.55 
  48.27 
  49.11 
  49.45 
  48.67 
  48.93 
  49.37 
  48.45 
  49.28 
  49.69 
  48.85 
  49.15 
  48.12 
  48.64 
  49.49 
  48.31 
  49.19 
  47.92 
  48.91 
  49.61 
  48.47 
  49.08 
  48.28 
  48.74 
  48.00 
  48.36 
  49.39 
  48.05 
  49.11 
  48.16 
  48.84 
  47.95 
  48.58 
  49.02 
  48.33 
  49.06 
  48.07 
  48.81 
  48.00 
  48.56 
  49.22 
  48.31 
  48.95 
  48.04 
  48.69 
  47.99 
  48.44 
  49.23 
  48.19 
  48.99 
  47.94 
  48.74 
  49.11 
  48.51 
  49.13 
  48.26 
  48.87 
  48.00 
  48.61 
  47.92 
  48.36 
  49.22 
  48.12 
  48.97 
  47.86 
  48.74 
  49.16 
  48.51 
  49.11 
  48.26 
  48.84 
  48.02 
  48.58 
  47.76 
  48.33 
  49.26 
  48.09 
  49.01 
  47.83 
  48.77 
  48.24 
  48.54 
  49.14 
  48.31 
  48.86 
  48.07 
  48.59 
  47.83 
  48.33 
  49.34 
  48.37 
  49.09 
  48.13 
  48.85 
  47.88 
  48.61 
  47.96 
  48.39 
  49.19 
  48.16 
  48.96 
  47.93 
  48.73 
  47.69 
  48.51 
  49.22 
  48.29 
  48.97 
  48.05 
  48.73 
  47.81 
  48.50 
  48.74 
  48.27 
  49.13 
  48.05 
  48.90 
  47.81 
  48.68 
  47.91 
  48.46 
  49.14 
  48.24 
  48.89 
  48.01 
  48.65 
  47.78 
  48.41 
  48.71 
  48.19 
  49.11 
  47.96 
  48.88 
  48.06 
  48.48 
  48.56 
  48.30 
  49.09 
  48.13 
  48.74 
  47.94 
  48.50 
  47.71 
  48.51 
  49.28 
  48.30 
  49.05 
  48.08 
  48.82 
  47.85 
  48.60 
  48.40 
  48.22 
  49.45 
  47.85 
  48.94 
  47.70 
  48.68 
  47.55 
  48.42 
  49.18 
  48.22 
  48.93 
  48.01 
  48.71 
  47.79 
  48.50 
  49.14 
  48.12 
  49.15 
  47.90 
  48.93 
  47.74 
  48.66 
  48.31 
  48.29 
  49.45 
  47.95 
  48.95 
  47.79 
  48.62 
  47.64 
  48.31 
  48.75 
  48.12 
  49.07 
  47.93 
  48.86 
  48.17 
  48.47 
  49.83 
  47.97 
  49.41 
  47.69 
  48.86 
  47.61 
  48.59 
  47.50 
  48.34 
  49.15 
  48.16 
  48.93 
  47.97 
  48.73 
  47.76 
  48.53 
  48.11 
  48.18 
  49.44 
  47.81 
  48.94 
  47.66 
  48.69 
  47.56 
  48.44 
  49.02 
  48.27 
  49.02 
  48.08 
  48.81 
  47.89 
  48.62 
  47.70 
  48.42 
  48.74 
  48.08 
  49.40 
  47.69 
  48.91 
  47.54 
  48.66 
  49.78 
  48.13 
  49.60 
  47.64 
  49.14 
  47.40 
  48.52 
  47.56 
  48.26 
  49.14 
  48.65 
  48.35 
  46.76 
  52.55 
  48.17 
  46.14 
  48.65 
  47.31 
  50.11 
  47.42 
  51.24 
  47.65 
  50.45 
  48.32 
  49.48 
  48.24 
  48.09 
  48.10 
  49.02 
  48.93 
  48.99 
  48.49 
  48.74 
  49.70 
  48.08 
  48.15 
  48.69 
  48.17 
  49.27 
  48.92 
  47.88 
  49.97 
  48.00 
  49.53 
  49.11 
  47.97 
  50.11 
  49.14 
  48.44 
  48.94 
  49.38 
  47.11 
  50.71 
  50.09 
  48.00 
  49.20 
  48.67 
  49.27 
  47.48 
  49.88 
  49.53 
  48.19 
  49.78 
  49.44 
  49.36 
  48.74 
  47.94 
  50.54 
  49.10 
  50.02 
  49.21 
  50.05 
  49.15 
  49.81 
  49.54 
  49.07 
  50.01 
  49.25 
  50.82 
  49.25 
  48.59 
  48.72 
  49.04 
  49.63 
  49.62 
  47.17 
  49.72 
  50.69 
  48.68 
  48.89 
  48.62 
  50.82 
  49.79 
  50.84 
  48.48 
  49.74 
  49.92 
  48.57 
  48.33 
  49.04 
  49.88 
  49.42 
  48.57 
  48.34 
  49.59 
  50.52 
  48.39 
  49.82 
  49.03 
  50.17 
  48.50 
  50.54 
  50.38 
  49.40 
  51.23 
  50.26 
  49.13 
  49.01 
  46.67 
  49.69 
  49.99 
  49.48 
  49.63 
  50.05 
  49.35 
  49.12 
  49.99 
  50.12 
  48.74 
  49.94 
  48.29 
  49.06 
  49.64 
  49.55 
  50.37 
  49.47 
  46.45 
  49.94 
  50.36 
  49.54 
  49.95 
  49.59 
  50.09 
  50.54 
  49.65 
  49.11 
  50.22 
  48.87 
  50.08 
  49.31 
  50.28 
  49.57 
  49.88 
  50.11 
  49.12 
  49.08 
  49.18 
  49.07 
  49.69 
  50.73 
  49.26 
  47.97 
  50.84 
  49.17 
  49.62 
  49.17 
  50.15 
  49.41 
  49.74 
  48.73 
  50.02 
  49.07 
  48.92 
  50.84 
  49.26 
  49.41 
  48.81 
  49.68 
  49.43 
  49.63 
  48.36 
  49.46 
  48.95 
  49.51 
  49.17 
  50.12 
  48.93 
  50.34 
  49.08 
  48.45 
  49.60 
  50.40 
  49.86 
  50.53 
  51.10 
  49.72 
  50.47 
  49.60 
  49.75 
  48.99 
  49.66 
  48.87 
  48.80 
  50.52 
  49.82 
  50.76 
  49.91 
  49.64 
  48.56 
  49.57 
  48.61 
  49.68 
  49.23 
  49.86 
  48.72 
  48.25 
  48.84 
  49.66 
  48.65 
  50.67 
  49.11 
  48.85 
  50.13 
  48.79 
  50.03 
  47.23 
  48.99 
  49.35 
  48.47 
  48.52 
  49.91 
  48.16 
  49.96 
  48.72 
  48.81 
  50.55 
  50.42 
  48.74 
  50.56 
  49.05 
  50.57 
  49.04 
  49.39 
  48.64 
  48.88 
  50.55 
  48.68 
  49.83 
  48.03 
  48.38 
  50.35 
  50.00 
  48.49 
  49.73 
  48.97 
  47.60 
  50.23 
  50.33 
  47.06 
  50.31 
  48.82 
  49.58 
  48.22 
  49.14 
  48.63 
  49.91 
  48.86 
  49.41 
  48.68 
  50.37 
  49.96 
  49.33 
  48.64 
  49.62 
  48.56 
  49.19 
  49.79 
  50.72 
  48.56 
  50.15 
  49.56 
  49.52 
  50.47 
  48.65 
  48.88 
  48.84 
  49.14 
  49.82 
  49.15 
  48.48 
  49.59 
  49.40 
  49.06 
  49.80 
  49.45 
  48.86 
  50.17 
  50.01 
  49.46 
  49.80 
  50.30 
  48.37 
  48.38 
  49.07 
  49.51 
  50.25 
  47.75 
  49.17 
  48.03 
  50.29 
  50.24 
  50.00 
  49.48 
  49.58 
  49.68 
  48.73 
  49.63 
  49.08 
  49.77 
  48.74 
  50.42 
  49.10 
  48.22 
  51.15 
  48.73 
  47.99 
  50.33 
  50.77 
  47.67 
  49.46 
  51.39 
  50.49 
  49.23 
  50.05 
  48.73 
  49.46 
  49.45 
  49.49 
  49.43 
  50.44 
  50.13 
  49.98 
  49.05 
  49.25 
  50.89 
  48.17 
  50.20 
  50.05 
  47.27 
  48.76 
  50.52 
  49.38 
  50.66 
  49.46 
  50.37 
  50.80 
  49.61 
  49.27 
  49.36 
  48.45 
  49.12 
  49.47 
  50.24 
  47.84 
  49.88 
  49.45 
  50.28 
  49.15 
  50.05 
  50.56 
  48.91 
  50.73 
  49.19 
  50.15 
  48.74 
  49.39 
  49.71 
  49.46 
  50.12 
  48.68 
  51.11 
  49.31 
  50.67 
  48.46 
  48.98 
  51.74 
  48.91 
  50.67 
  48.09 
  50.09 
  49.26 
  50.82 
  47.60 
  49.86 
  49.19 
  50.02 
  49.69 
  49.48 
  49.72 
  50.70 
  49.72 
  49.65 
  49.15 
  50.42 
  48.97 
  48.44 
  51.03 
  51.05 
  49.72 
  50.74 
  49.34 
  48.19 
  50.01 
  48.68 
  49.86 
  49.71 
  49.84 
  48.10 
  51.20 
  49.89 
  50.73 
  48.49 
  50.04 
  49.59 
  49.40 
  49.89 
  50.25 
  47.27 
  50.95 
  50.33 
  49.44 
  48.43 
  50.72 
  47.50 
  49.92 
  48.99 
  50.70 
  49.57 
  50.49 
  49.99 
  48.93 
  50.38 
  47.91 
  50.43 
  48.67 
  49.89 
  50.70 
  50.74 
  49.44 
  48.73 
  49.06 
  50.23 
  50.37 
  49.93 
  50.75 
  47.82 
  48.31 
  48.24 
  49.73 
  49.19 
  50.14 
  48.19 
  49.83 
  49.08 
  48.62 
  50.78 
  48.22 
  49.64 
  50.52 
  49.27 
  48.88 
  49.51 
  50.71 
  51.15 
  50.15 
  51.40 
  49.86 
  49.36 
  49.90 
  49.05 
  49.86 
  49.16 
  50.47 
  49.41 
  47.46 
  49.89 
  49.06 
  50.50 
  47.12 
  49.71 
  50.30 
  50.69 
  50.77 
  47.07 
  49.68 
  48.83 
  50.44 
  48.95 
  48.43 
  50.15 
  50.65 
  50.68 
  48.83 
  49.19 
  49.44 
  49.52 
  50.89 
  49.83 
  50.26 
  48.94 
  47.84 
  50.04 
  49.92 
  50.33 
  50.58 
  49.98 
  49.95 
  48.73 
  49.36 
  49.49 
  49.76 
  49.57 
  51.37 
  50.52 
  45.66 
  50.64 
  49.89 
  49.63 
  49.33 
  46.81 
  49.94 
  49.83 
  50.08 
  49.39 
  49.72 
  47.53 
  49.19 
  50.68 
  50.58 
  49.50 
  49.09 
  48.93 
  49.52 
  50.30 
  49.61 
  49.34 
  49.21 
  48.41 
  49.80 
  51.28 
  48.71 
  50.05 
  49.09 
  47.32 
  49.96 
  48.83 
  49.69 
  48.78 
  50.45 
  49.36 
  49.38 
  49.05 
  49.98 
  48.09 
  49.37 
  50.02 
  49.55 
  50.19 
  50.21 
  49.89 
  47.87 
  49.75 
  48.86 
  49.43 
  50.25 
  50.39 
  48.17 
  50.41 
  49.04 
  49.90 
  49.04 
  49.54 
  50.17 
  50.03 
  49.32 
  50.62 
  48.80 
  49.05 
  50.56 
  50.47 
  49.83 
  49.36 
  48.86 
  49.55 
  50.22 
  50.53 
  49.03 
  50.59 
  49.09 
  47.77 
  48.91 
  51.12 
  49.92 
  49.28 
  49.65 
  48.51 
  48.36 
  50.91 
  49.67 
  50.13 
  50.75 
  51.22 
  49.33 
  49.98 
  46.89 
  50.75 
  50.73 
  49.95 
  50.70 
  51.24 
  49.91 
  48.69 
  47.79 
  50.90 
  50.56 
  50.52 
  50.16 
  49.54 
  49.23 
  47.65 
  49.62 
  49.58 
  49.09 
  49.33 
  50.27 
  49.83 
  46.57 
  49.66 
  49.72 
  50.45 
  50.06 
  49.90 
  50.30 
  50.52 
  48.17 
  49.31 
  49.42 
  49.14 
  50.23 
  51.22 
  50.20 
  50.49 
  51.43 
  49.12 
  48.96 
  48.50 
  49.01 
  49.53 
  50.21 
  50.09 
  50.16 
  50.21 
  49.68 
  50.55 
  49.56 
  49.58 
  47.09 
  50.16 
  50.27 
  49.01 
  49.27 
  48.53 
  49.36 
  50.75 
  50.74 
  50.68 
  49.74 
  50.56 
  49.45 
  49.65 
  49.73 
  47.79 
  50.07 
  49.74 
  50.79 
  50.08 
  51.19 
  49.96 
  49.09 
  50.11 
  48.16 
  49.22 
  49.83 
  51.10 
  50.43 
  49.73 
  50.29 
  49.97 
  50.58 
  49.93 
  50.35 
  47.06 
  49.66 
  50.36 
  48.74 
  50.03 
  50.24 
  51.92 
  45.17 
  51.05 
  50.71 
  50.69 
  49.85 
  50.51 
  49.34 
  50.67 
  46.05 
  49.14 
  50.16 
  49.17 
  48.78 
  49.29 
  50.94 
  49.65 
  46.93 
  50.78 
  49.73 
  49.97 
  49.77 
  49.77 
  49.80 
  50.82 
  49.26 
  48.72 
  47.05 
  49.47 
  49.88 
  49.70 
  49.33 
  49.54 
  50.68 
  44.29 
  50.15 
  48.26 
  48.48 
  49.59 
  50.36 
  45.07 
  49.91 
  50.29 
  49.86 
  49.00 
  49.29 
  50.25 
  46.57 
  49.43 
  49.66 
  50.07 
  49.38 
  49.96 
  49.82 
  48.44 
  46.09 
  49.57 
  48.98 
  49.34 
  49.02 
  49.95 
  48.64 
  49.93 
  49.51 
  49.54 
  43.96 
  49.94 
  49.05 
  48.81 
  49.21 
  43.76 
  49.20 
  48.67 
  48.96 
  49.26 
  49.06 
  48.08 
  48.03 
  45.68 
  50.18 
  48.41 
  49.88 
  48.84 
  48.16 
  48.55 
  48.17 
  48.41 
  47.61 
  49.69 
  49.45 
  49.01 
  50.25 
  48.89 
  48.65 
  43.93 
  49.32 
  49.88 
  48.46 
  48.75 
  49.48 
  42.61 
  48.50 
  48.40 
  49.38 
  48.44 
  48.96 
  48.40 
  43.57 
  48.74 
  49.72 
  49.69 
  48.59 
  49.23 
  49.06 
  48.61 
  48.04 
  45.51 
  48.12 
  49.17 
  48.35 
  49.69 
  48.76 
  42.28 
  49.13 
  49.40 
  49.43 
  48.03 
  48.55 
  44.62 
  48.52 
  48.27 
  49.10 
  48.31 
  48.39 
  43.84 
  48.49 
  50.30 
  49.75 
  48.39 
  48.41 
  48.14 
  48.57 
  43.23 
  48.21 
  47.76 
  49.76 
  48.18 
  49.09 
  41.99 
  48.86 
  47.78 
  47.65 
  48.04 
  44.38 
  49.30 
  48.50 
  48.83 
  48.93 
  48.39 
  44.04 
  48.47 
  48.80 
  48.04 
  48.45 
  48.17 
  49.56 
  48.70 
  41.92 
  48.14 
  48.93 
  49.23 
  41.52 
  48.54 
  48.31 
  48.13 
  48.07 
  43.30 
  47.84 
  48.96 
  48.33 
  47.81 
  49.00 
  48.29 
  43.44 
  48.35 
  48.66 
  47.75 
  47.45 
  47.43 
  40.40 
  47.68 
  47.91 
  49.06 
  48.56 
  42.66 
  47.59 
  48.68 
  49.07 
  47.67 
  48.41 
  47.83 
  43.19 
  48.22 
  49.92 
  38.44 
  48.25 
  47.47 
  49.18 
  47.99 
  47.92 
  41.63 
  47.76 
  49.91 
  47.90 
  48.97 
  47.80 
  47.67 
  42.11 
  47.56 
  48.62 
  48.56 
  39.35 
  48.37 
  47.49 
  40.80 
  48.40 
  48.88 
  48.37 
  47.26 
  48.25 
  40.84 
  47.40 
  49.72 
  38.34 
  48.99 
  48.09 
  47.21 
  41.21 
  49.14 
  48.54 
  48.46 
  47.46 
  48.23 
  42.66 
  47.74 
  47.49 
  47.65 
  47.57 
  39.39 
  48.02 
  47.94 
  40.16 
  47.11 
  47.54 
  48.38 
  48.23 
  46.86 
  42.00 
  48.32 
  47.52 
  48.39 
  47.32 
  47.33 
  46.68 
  42.62 
  48.28 
  48.05 
  38.21 
  47.35 
  48.35 
  47.73 
  39.87 
  47.47 
  48.32 
  47.89 
  47.62 
  47.42 
  47.73 
  47.89 
  41.85 
  47.72 
  47.22 
  39.14 
  47.51 
  48.07 
  47.97 
  41.58 
  47.26 
  47.15 
  48.59 
  38.31 
  47.71 
  47.94 
  39.01 
  48.17 
  47.27 
  48.18 
  48.41 
  40.64 
  47.34 
  47.70 
  47.52 
  46.72 
  38.70 
  47.51 
  47.78 
  38.89 
  47.54 
  47.57 
  47.55 
  39.58 
  48.63 
  47.50 
  48.20 
  47.55 
  37.47 
  48.40 
  47.76 
  40.51 
  47.42 
  48.05 
  47.02 
  38.96 
  47.43 
  47.85 
  37.15 
  47.52 
  47.89 
  39.09 
  47.13 
  48.02 
  46.73 
  47.78 
  48.08 
  38.87 
  46.97 
  36.42 
  47.06 
  47.21 
  46.62 
  37.84 
  47.73 
  46.81 
  47.78 
  47.88 
  46.85 
  39.05 
  47.04 
  37.63 
  46.67 
  47.19 
  38.01 
  47.24 
  47.59 
  35.73 
  48.36 
  37.47 
  47.29 
  47.58 
  47.08 
  39.17 
  47.00 
  34.94 
  47.44 
  47.07 
  47.20 
  38.39 
  46.94 
  46.71 
  46.83 
  37.41 
  47.29 
  36.04 
  46.86 
  37.47 
  33.67 
  36.64 
  36.53 
  34.12 
  36.32 
  34.35 
  36.36 
  34.40 
  36.03 
  36.09 
  34.31 
  36.13 
  36.01 
  33.64 
  35.84 
  33.79 
  36.38 
  35.39 
  34.57 
  35.59 
  35.46 
  34.89 
  35.30 
  33.93 
  35.23 
  33.20 
  35.25 
  34.37 
  34.03 
  35.08 
  33.71 
  34.79 
  35.41 
  32.64 
  34.92 
  32.19 
  34.96 
  33.88 
  34.78 
  34.45 
  32.78 
  34.43 
  31.73 
  34.30 
  32.14 
  34.54 
  32.55 
  34.85 
  34.29 
  32.46 
  34.20 
  33.19 
  34.01 
  33.74 
  31.96 
  33.81 
  33.74 
  32.65 
  33.58 
  31.26 
  33.46 
  33.67 
  31.74 
  33.53 
  33.85 
  32.66 
  33.27 
  31.50 
  33.26 
  30.88 
  33.15 
  33.25 
  31.11 
  32.86 
  30.99 
  32.84 
  30.52 
  32.82 
  32.16 
  32.48 
  32.54 
  31.05 
  32.64 
  32.35 
  30.56 
  32.55 
  30.30 
  32.45 
  32.16 
  31.01 
  31.68 
  29.82 
  31.74 
  30.47 
  32.11 
  31.58 
  30.99 
  31.56 
  29.75 
  31.64 
  31.84 
  30.48 
  31.12 
  30.29 
  31.25 
  29.43 
  31.63 
  31.09 
  29.92 
  31.27 
  30.89 
  30.39 
  31.15 
  28.90 
  30.98 
  28.51 
  30.98 
  29.38 
  30.60 
  29.89 
  30.55 
  30.43 
  28.93 
  30.43 
  29.36 
  31.20 
  30.82 
  28.31 
  29.89 
  28.33 
  29.91 
  28.28 
  30.15 
  28.40 
  30.18 
  29.58 
  28.82 
  29.87 
  27.59 
  29.41 
  28.03 
  29.45 
  28.44 
  29.84 
  29.15 
  28.88 
  29.41 
  27.61 
  29.43 
  27.58 
  29.29 
  28.67 
  28.07 
  28.91 
  27.03 
  28.96 
  27.71 
  29.46 
  28.37 
  28.14 
  28.58 
  27.24 
  28.71 
  26.98 
  28.35 
  26.28 
  28.34 
  27.79 
  27.20 
  28.11 
  26.96 
  28.34 
  26.37 
  28.26 
  26.74 
  28.90 
  27.89 
  26.56 
  27.82 
  25.75 
  20.26 
  27.44 
  26.49 
  27.29 
  27.05 
  27.68 
  25.92 
  27.29 
  25.79 
  27.57 
  25.34 
  28.20 
  25.54 
  27.30 
  26.47 
  27.60 
  27.10 
  26.35 
  26.96 
  25.87 
  27.20 
  26.18 
  27.43 
  26.05 
  26.07 
  26.63 
  25.94 
  26.74 
  25.13 
  26.57 
  25.33 
  26.46 
  25.03 
  26.70 
  25.68 
  26.11 
  25.98 
  25.94 
  26.18 
  24.20 
  26.14 
  24.51 
  26.24 
  25.56 
  24.33 
  25.68 
  24.89 
  25.55 
  24.05 
  25.51 
  24.60 
  25.82 
  24.01 
  25.52 
  25.43 
  24.26 
  25.38 
  24.71 
  25.12 
  24.17 
  25.12 
  23.87 
  25.11 
  23.86 
  25.12 
  24.80 
  24.54 
  24.31 
  24.52 
  24.62 
  24.52 
  24.09 
  24.76 
  24.35 
  23.93 
  24.31 
  23.38 
  24.45 
  22.82 
  24.58 
  23.05 
  24.33 
  22.78 
  24.21 
  23.27 
  24.20 
  22.21 
  24.25 
  22.84 
  23.89 
  23.20 
  23.82 
  22.80 
  23.79 
  22.97 
  23.70 
  23.93 
  23.11 
  18.61 
  23.57 
  22.62 
  23.94 
  22.55 
  23.52 
  22.45 
  23.40 
  22.42 
  23.16 
  22.43 
  23.28 
  22.55 
  23.28 
  21.20 
  23.00 
  22.19 
  22.94 
  21.51 
  23.08 
  21.91 
  23.08 
  22.39 
  23.32 
  21.86 
  22.83 
  21.46 
  22.48 
  22.13 
  22.70 
  20.88 
  22.39 
  21.66 
  22.57 
  21.60 
  22.54 
  21.36 
  22.59 
  21.45 
  22.48 
  21.96 
  21.42 
  18.09 
  22.05 
  19.98 
  22.13 
  21.52 
  21.86 
  21.35 
  21.81 
  21.28 
  21.83 
  20.12 
  21.68 
  20.03 
  21.42 
  21.10 
  21.63 
  21.44 
  21.70 
  20.04 
  21.35 
  20.82 
  21.38 
  20.67 
  21.72 
  21.09 
  21.62 
  21.01 
  20.63 
  17.54 
  21.18 
  20.33 
  20.93 
  20.14 
  20.75 
  21.14 
  20.66 
  20.37 
  17.35 
  20.93 
  20.26 
  20.92 
  19.87 
  20.68 
  19.99 
  17.20 
  20.56 
  19.77 
  17.52 
  20.63 
  19.08 
  20.50 
  19.57 
  20.36 
  20.35 
  17.31 
  20.53 
  18.55 
  20.19 
  20.20 
  20.34 
  19.15 
  20.21 
  19.90 
  20.15 
  19.02 
  20.21 
  19.69 
  17.24 
  20.18 
  17.83 
  19.73 
  19.52 
  19.19 
  19.92 
  19.64 
  20.60 
  16.88 
  19.83 
  19.45 
  19.17 
  20.09 
  16.69 
  17.68 
  19.19 
  17.71 
  19.21 
  19.63 
  16.91 
  19.31 
  18.48 
  19.39 
  19.55 
  19.14 
  19.48 
  19.79 
  17.69 
  19.27 
  18.58 
  17.80 
  19.70 
  19.04 
  19.40 
  19.12 
  19.17 
  18.96 
  19.39 
  19.00 
  19.05 
  19.11 
  17.88 
  19.21 
  17.09 
  18.87 
  17.82 
  18.69 
  18.29 
  16.92 
  18.60 
  17.44 
  18.93 
  18.37 
  18.73 
  18.49 
  18.54 
  17.91 
  17.57 
  19.06 
  17.88 
  18.53 
  17.50 
  16.72 
  18.64 
  17.12 
  18.32 
  17.23 
  18.00 
  17.99 
  17.29 
  18.90 
  16.91 
  18.38 
  17.79 
  17.98 
  17.69 
  16.94 
  17.90 
  16.99 
  17.77 
  17.76 
  16.91 
  18.54 
  17.23 
  18.30 
  17.06 
  18.09 
  17.69 
  17.06 
  17.92 
  16.93 
  17.88 
  17.08 
  17.58 
  17.26 
  17.70 
  17.23 
  17.77 
  17.45 
  16.86 
  17.76 
  16.96 
  17.50 
  17.63 
  18.09 
  17.05 
  16.58 
  17.57 
  17.58 
  17.93 
  17.33 
  17.09 
  17.48 
  17.08 
  17.79 
  16.86 
  17.93 
  17.15 
  17.73 
  17.43 
  17.70 
  16.90 
  17.65 
  16.57 
  16.78 
  17.06 
  17.09 
  16.98 
  16.84 
  17.30 
  16.85 
  17.30 
  17.22 
  16.99 
  16.58 
  17.15 
  16.69 
  17.05 
  16.96 
  17.24 
  16.68 
  17.15 
  16.89 
  16.98 
  17.25 
  16.69 
  17.11 
  16.55 
  17.04 
  16.20 
  17.12 
  16.37 
  17.14 
  16.67 
  16.85 
  16.29 
  17.24 
  16.58 
  17.01 
  16.68 
  16.79 
  16.58 
  16.69 
  16.68 
  16.85 
  16.56 
  17.01 
  16.82 
  16.64 
  16.35 
  16.49 
  17.02 
  16.61 
  16.87 
  16.45 
  16.81 
  16.66 
  16.28 
  16.87 
  16.12 
  16.59 
  16.20 
  16.46 
  16.63 
  16.34 
  16.59 
  16.14 
  16.46 
  16.61 
  16.32 
  16.77 
  16.65 
  16.28 
  16.49 
  16.22 
  16.32 
  16.62 
  16.10 
  16.25 
  16.67 
  16.67 
  16.38 
  16.56 
  16.56 
  16.34 
  16.37 
  16.44 
  16.32 
  16.39 
  16.32 
  16.17 
  16.23 
  16.30 
  16.11 
  16.22 
  16.16 
  16.25 
  16.24 
  15.98 
  16.06 
  16.09 
  16.22 
  16.08 
  16.14 
  15.99 
  15.87 
  15.97 
  16.05 
  16.14 
  16.28 
  16.07 
  16.08 
  16.07 
  15.99 
  15.98 
  15.97 
  16.06 
  15.95 
  15.98 
  16.07 
  16.04 
  16.04 
  16.07 
  15.71 
  15.96 
  16.01 
  15.89 
